Loading model oscn from ../experiments/oscn/final
enc.enc.0.weight torch.Size([32, 3, 4, 4])
tensor([[[[-2.2711e-03, -1.8906e-01,  1.2943e-02,  1.1433e-01],
          [-1.8236e-01, -2.2811e-04, -1.5007e-01, -5.7991e-02],
          [ 1.8746e-02, -1.3104e-01, -9.4714e-02, -8.8675e-02],
          [ 1.4325e-01, -8.8440e-02, -3.0402e-02, -8.3425e-02]],

         [[-7.4829e-02, -1.2465e-01,  5.9439e-02,  9.5669e-03],
          [-8.9302e-02, -1.6237e-01, -9.3349e-02, -1.7225e-01],
          [-6.1556e-02, -3.8270e-02,  3.3675e-02,  5.0222e-02],
          [-2.3477e-01,  5.1222e-02, -1.0356e-01,  1.0722e-01]],

         [[ 7.5564e-02, -1.7263e-01, -1.6963e-01, -1.8230e-01],
          [ 4.9531e-02, -2.9247e-02,  2.8929e-02, -1.3255e-01],
          [-1.5298e-02, -9.9971e-02,  7.5410e-02, -9.6092e-02],
          [-1.9111e-01,  9.1210e-02, -1.1549e-01, -3.9487e-03]]],


        [[[-8.1164e-02, -6.3037e-02, -1.8288e-01, -1.5119e-01],
          [ 1.6719e-02, -9.0950e-02,  1.0258e-01,  7.4223e-02],
          [-8.1484e-02, -1.4394e-01,  2.8962e-02, -9.1171e-03],
          [-1.6109e-01, -3.2285e-02,  6.7285e-02,  8.2283e-02]],

         [[-8.1654e-02, -3.0566e-02, -3.2272e-02, -2.1432e-02],
          [-1.3749e-01, -1.1429e-01,  5.2190e-02, -7.5016e-02],
          [ 2.9273e-02, -3.0574e-02,  1.2579e-02, -2.2704e-02],
          [ 1.3595e-02,  3.3181e-02, -1.7035e-01,  4.3568e-02]],

         [[-1.5651e-01, -1.2025e-01, -5.2975e-03, -5.4400e-02],
          [ 4.9567e-02, -1.0006e-01, -1.5481e-01,  5.5371e-02],
          [ 1.2816e-02,  9.1828e-02,  7.5693e-03, -1.5598e-01],
          [ 3.0926e-02,  1.5563e-03, -1.3038e-01, -1.4366e-01]]],


        [[[ 2.7450e-03, -2.3888e-02, -9.6248e-02, -6.2514e-02],
          [ 1.3581e-01, -5.1588e-02,  6.1070e-02,  7.0203e-02],
          [-8.5263e-02, -1.5666e-01,  1.1027e-01, -6.6130e-03],
          [ 7.2130e-02, -4.5465e-02, -4.1193e-02,  4.4841e-02]],

         [[ 8.7894e-02, -1.8188e-01, -4.4785e-02,  9.4616e-03],
          [ 8.8224e-02,  5.3684e-02, -1.5057e-01, -1.5902e-01],
          [-1.1705e-01, -9.5802e-03,  1.2134e-01, -1.0638e-01],
          [ 2.6452e-02, -1.1380e-01, -1.6541e-01, -9.5942e-02]],

         [[ 8.3367e-02,  9.6215e-02, -8.8961e-02, -1.6978e-02],
          [ 9.5628e-02,  4.7756e-02,  5.2521e-02,  3.3494e-02],
          [ 3.4783e-02, -2.9735e-02, -1.4017e-01, -1.9571e-01],
          [-1.0343e-01, -5.3719e-02, -1.2823e-01,  6.3651e-02]]],


        ...,


        [[[-8.3279e-02,  1.1464e-01, -1.4717e-01,  5.8042e-02],
          [-1.1599e-01, -7.6513e-02, -2.2777e-03,  8.9326e-02],
          [-4.6507e-02, -1.0288e-01, -9.1015e-02, -1.2858e-01],
          [-1.6592e-01, -1.6726e-01,  7.3813e-02, -1.5835e-01]],

         [[-1.5250e-01,  6.9739e-02,  3.0852e-02,  6.0210e-02],
          [-1.1659e-01, -1.5568e-01, -1.0991e-01, -1.5088e-01],
          [-2.2546e-02,  2.3367e-02,  6.8870e-02, -1.5715e-01],
          [-6.8704e-03, -1.4819e-01, -2.6841e-02, -4.1071e-02]],

         [[ 1.1183e-02,  6.5861e-03, -3.3022e-02,  3.9043e-02],
          [ 5.0803e-03,  5.3671e-02, -8.6177e-03, -1.8178e-01],
          [ 9.2284e-02, -3.1015e-02,  1.1882e-01, -7.4246e-02],
          [ 1.4139e-01, -1.2154e-01,  6.8165e-02, -2.1166e-01]]],


        [[[ 3.3951e-02, -8.2961e-02,  9.5995e-02, -1.6544e-01],
          [-1.7959e-01,  3.0010e-02, -3.1358e-02, -2.9635e-02],
          [-9.3401e-02, -5.4986e-02, -4.2914e-02,  7.3428e-02],
          [-6.2545e-03, -4.3133e-02, -8.9110e-02, -6.9640e-02]],

         [[ 6.3652e-02, -2.0714e-01, -2.3297e-01, -1.5673e-01],
          [ 3.0992e-03, -2.9987e-02,  5.9580e-02,  7.5498e-02],
          [-1.5867e-01, -8.1101e-02, -3.8427e-02, -3.8927e-02],
          [-5.7603e-02, -9.0752e-02, -5.6499e-02, -4.7344e-02]],

         [[ 6.0137e-02, -1.5104e-01,  7.3939e-02, -1.3988e-01],
          [-7.0444e-02, -1.4024e-01, -1.5564e-01,  5.5658e-03],
          [-9.1524e-02,  6.5807e-02,  7.7656e-02, -1.5467e-01],
          [-2.2844e-02, -5.5712e-02, -1.1332e-01, -1.1030e-01]]],


        [[[-8.3980e-02,  1.0971e-02,  1.5508e-02,  7.7628e-02],
          [-3.0107e-02,  6.4899e-02,  2.4199e-03, -5.7479e-02],
          [-2.2006e-02, -1.4115e-01, -2.2132e-02, -6.2626e-02],
          [-5.9031e-02, -6.7477e-02, -5.4017e-02, -1.1865e-01]],

         [[-1.5203e-02, -1.4852e-02, -5.0471e-02,  1.1049e-01],
          [ 5.7961e-02, -3.2067e-04, -9.5911e-02, -3.8044e-02],
          [-1.4180e-01,  5.9004e-02,  8.9408e-02, -7.6240e-02],
          [ 7.2240e-02,  8.3159e-02, -6.4980e-02, -1.1936e-01]],

         [[-1.1133e-02,  6.3951e-03, -1.4800e-01, -9.9267e-02],
          [-6.3293e-02,  8.5652e-02, -2.0921e-02,  7.3408e-02],
          [ 1.0791e-01, -6.1450e-02,  1.8348e-02, -2.7975e-02],
          [-8.3443e-02, -9.9165e-02, -1.7685e-02,  2.3587e-02]]]],
       device='cuda:0')
enc.enc.0.bias torch.Size([32])
tensor([-0.0376, -0.0078, -0.0139, -0.0119, -0.0161, -0.0119, -0.0195, -0.1364,
        -0.1389, -0.0159, -0.1270, -0.0662, -0.0289, -0.0111, -0.1459, -0.0048,
        -0.0313, -0.0156, -0.0794, -0.0928, -0.0315, -0.0016,  0.0072, -0.1076,
        -0.0595, -0.0379, -0.0296,  0.0088, -0.1956, -0.0688, -0.0061, -0.0923],
       device='cuda:0')
enc.enc.2.weight torch.Size([64, 32, 4, 4])
tensor([[[[ 4.8659e-02,  7.1276e-02,  7.5551e-02,  4.2971e-02],
          [-8.1904e-02, -5.9181e-02, -3.5817e-03,  3.3331e-02],
          [-3.5448e-02,  3.6820e-02,  2.1383e-02,  9.9911e-02],
          [ 7.7593e-02,  1.5130e-02, -6.9776e-05,  5.1736e-02]],

         [[ 6.4320e-02,  9.8876e-02,  5.0425e-02,  4.5813e-03],
          [ 6.2649e-02,  6.1473e-02,  4.4498e-02, -8.8891e-04],
          [-4.2716e-02, -6.1825e-02, -8.4730e-02, -3.8951e-02],
          [-5.8617e-02, -9.3159e-02, -2.9971e-02, -3.1225e-02]],

         [[-2.8512e-02, -1.8319e-02, -2.7087e-02,  6.6978e-02],
          [ 2.1187e-02, -7.6590e-03,  3.0186e-02,  7.5606e-02],
          [-8.5400e-03,  6.3126e-02,  8.8295e-02,  3.1404e-02],
          [-1.8677e-02,  2.4971e-02,  8.0836e-02,  6.1870e-02]],

         ...,

         [[-1.4400e-02,  3.2092e-02,  6.7933e-02,  4.5880e-02],
          [ 1.7060e-02,  1.0536e-01,  9.5750e-02,  3.1191e-02],
          [ 4.4122e-03,  1.4678e-02,  2.6923e-02,  4.7225e-02],
          [-3.8690e-02, -1.8351e-02, -3.1970e-03,  9.3367e-03]],

         [[-1.6025e-01, -1.1420e-01,  7.0645e-02, -6.3689e-02],
          [-5.9475e-03, -5.8563e-02, -2.9955e-02,  9.4802e-02],
          [-3.4522e-03, -4.5680e-03, -2.6701e-02,  1.1867e-01],
          [ 2.9322e-02,  2.1149e-02, -1.3555e-02,  9.1867e-02]],

         [[-1.5955e-02, -4.6174e-03,  5.0357e-02,  8.6596e-02],
          [-6.2312e-02, -4.7920e-02, -6.5200e-03,  1.8303e-02],
          [-3.4328e-03,  2.3394e-02, -6.2835e-02,  2.6426e-02],
          [ 3.2714e-02,  1.8353e-02, -3.8322e-02,  3.4641e-03]]],


        [[[-4.8417e-02, -2.1174e-02,  7.7169e-03,  1.1932e-01],
          [ 3.1697e-02,  1.9565e-03,  1.7988e-02, -2.5717e-02],
          [ 9.6496e-02, -3.4243e-02, -1.0046e-01, -2.0569e-02],
          [ 5.1796e-03, -3.5690e-03, -8.7412e-02, -2.5518e-02]],

         [[ 1.0787e-01,  6.1591e-02, -4.6248e-02,  3.9129e-03],
          [-1.7808e-02,  4.1442e-02,  2.5320e-02,  3.9718e-02],
          [-3.2134e-02, -1.9829e-02, -1.4085e-02, -4.4323e-02],
          [ 5.6623e-02, -2.5757e-03, -5.7726e-02, -6.3448e-02]],

         [[ 5.5686e-02, -1.3379e-02,  4.2890e-02, -1.2020e-02],
          [ 3.0634e-02,  4.8488e-03,  1.3121e-02, -3.0018e-02],
          [-5.9032e-03,  1.9571e-02,  4.4934e-02,  2.0249e-02],
          [-3.3976e-02, -3.1927e-02, -4.9566e-03, -3.4488e-02]],

         ...,

         [[ 4.3116e-02, -3.6904e-02, -5.1369e-02,  6.0526e-02],
          [ 2.9682e-02, -7.1160e-02, -2.7133e-02,  2.5021e-02],
          [-7.4712e-03, -4.0500e-02, -2.9587e-02,  5.0246e-02],
          [-3.9696e-03, -1.9672e-02, -1.7544e-02, -1.9015e-02]],

         [[ 3.0485e-02, -1.0162e-01, -7.5050e-02,  2.7354e-04],
          [ 3.9653e-02, -3.6553e-02, -3.7741e-02, -1.6467e-03],
          [-9.6874e-03, -1.0147e-02, -3.1131e-02, -3.2880e-03],
          [-5.9475e-02, -2.2839e-02,  9.8537e-03, -5.0141e-03]],

         [[-3.7381e-02,  2.7904e-02, -3.8054e-02,  5.2586e-02],
          [ 1.6438e-02, -1.7543e-03,  5.3293e-02, -4.6561e-02],
          [ 3.7387e-02, -1.3613e-02,  4.3554e-02, -5.4927e-03],
          [ 7.4947e-02, -3.5095e-02, -6.8342e-02, -8.6262e-02]]],


        [[[ 8.1803e-02, -1.4532e-01,  6.7747e-03, -4.9783e-02],
          [-7.0400e-02,  4.9710e-03, -1.4089e-02,  9.9899e-02],
          [ 6.8479e-02,  5.9032e-02,  9.9769e-02, -3.6028e-03],
          [-4.5516e-02,  7.6456e-02,  9.4298e-02, -7.1057e-02]],

         [[-3.4029e-02, -1.5522e-02,  1.9160e-02,  6.1449e-02],
          [-3.6311e-02,  2.3613e-02, -5.9423e-02, -8.0108e-04],
          [-1.2348e-02, -7.4565e-02, -3.3280e-02, -1.3791e-02],
          [ 5.9225e-02, -2.8574e-02,  2.4573e-02, -3.2105e-02]],

         [[-5.4863e-02,  1.4986e-02,  4.3119e-03, -3.6528e-02],
          [ 2.1388e-03,  2.7197e-02,  3.5958e-02,  2.8863e-02],
          [ 2.9790e-02,  5.3325e-02, -4.0486e-03, -2.4973e-02],
          [ 4.6745e-03,  5.4883e-02,  6.3613e-02, -3.6259e-02]],

         ...,

         [[ 1.1383e-01,  1.5277e-01,  1.2034e-01, -1.1013e-01],
          [ 8.6374e-02,  1.2722e-01,  2.7053e-02, -1.7254e-02],
          [ 4.9611e-02,  8.0703e-03, -2.7428e-02,  7.5434e-03],
          [-1.3797e-03, -2.3336e-02, -6.3846e-02, -1.1519e-01]],

         [[-3.0680e-02, -1.5394e-01, -5.5528e-02, -1.3772e-02],
          [-1.7317e-04, -4.2859e-02, -2.5026e-02, -3.3751e-02],
          [-2.4413e-02,  3.2690e-02, -4.1567e-02, -4.6492e-02],
          [ 9.5439e-03, -8.5952e-02, -6.4388e-02, -4.9146e-02]],

         [[-9.9350e-02, -5.3012e-02, -4.2548e-02,  4.0963e-02],
          [-3.0041e-02,  6.3594e-03,  3.9238e-02,  6.2920e-02],
          [-1.9251e-02, -5.5540e-02,  5.2410e-02, -1.3099e-02],
          [-8.7407e-02, -1.2270e-01, -5.5229e-02, -3.0984e-02]]],


        ...,


        [[[ 2.0105e-02,  1.4197e-02,  1.7919e-02,  6.9823e-03],
          [-1.4962e-03, -9.9583e-03, -1.9787e-02, -1.0770e-02],
          [-1.6775e-03,  7.4557e-03,  1.0329e-02, -2.8773e-02],
          [-5.3691e-02,  3.2806e-02,  4.3590e-03, -4.0529e-02]],

         [[ 2.9707e-02, -4.4193e-02,  1.8866e-02, -8.1960e-03],
          [ 1.3856e-02,  2.7539e-02, -1.0914e-02, -2.5644e-03],
          [-2.8707e-02, -2.5166e-02, -3.7512e-02, -5.5091e-02],
          [-2.0695e-02,  3.0690e-03, -3.4471e-02,  4.5102e-03]],

         [[ 9.8756e-03, -1.2770e-02,  1.8476e-02, -4.0134e-03],
          [-4.3537e-03,  6.2867e-03, -6.0189e-02, -8.6186e-02],
          [-3.5312e-02,  1.6458e-02, -4.3182e-02, -1.6601e-02],
          [ 6.5443e-03, -5.8957e-02, -6.4059e-02, -4.3680e-02]],

         ...,

         [[-2.3965e-02, -5.1979e-03, -2.1692e-02,  2.0576e-02],
          [ 2.7616e-02,  4.8759e-03, -1.8310e-02,  3.0730e-02],
          [ 2.4958e-02, -3.2587e-02, -4.8310e-02, -4.4051e-02],
          [-5.4576e-03, -1.7035e-02,  3.2462e-03, -3.5453e-02]],

         [[ 3.3576e-02, -5.3467e-02, -1.5567e-02,  1.4853e-02],
          [ 6.0413e-03, -1.5587e-02, -5.1963e-02, -1.0883e-02],
          [ 2.2315e-02, -1.0300e-02, -4.0043e-02, -4.5933e-02],
          [ 4.9548e-03, -1.5229e-02, -2.6187e-02, -2.6400e-02]],

         [[ 3.2818e-03, -2.6801e-02, -1.1336e-02, -1.3109e-03],
          [-3.9416e-02,  3.1558e-02,  1.7374e-03, -1.4281e-03],
          [ 2.6525e-02, -1.5610e-03, -4.1740e-02,  2.2066e-02],
          [-1.7396e-02, -2.8393e-02,  1.8854e-02, -4.4164e-02]]],


        [[[ 1.4181e-02, -1.6172e-02, -5.7384e-03,  1.9967e-02],
          [-4.4207e-02, -6.7009e-02, -1.0848e-02, -1.4751e-02],
          [-1.5626e-02,  1.0324e-03, -5.1655e-02, -2.7823e-03],
          [-1.6091e-02,  3.2827e-02, -6.2506e-02,  2.8573e-02]],

         [[-4.1912e-02, -6.8824e-02, -7.1890e-02, -6.0696e-03],
          [-6.5061e-02,  2.0164e-02, -7.4695e-03, -5.9384e-02],
          [-7.5790e-02,  4.0537e-02, -1.1669e-02, -7.3022e-02],
          [-4.8880e-02, -2.4388e-02, -1.9268e-03, -3.8373e-02]],

         [[-7.2926e-02, -6.4926e-02, -2.9668e-02,  3.8907e-02],
          [-5.5853e-02, -1.0284e-02,  6.4592e-03, -4.1507e-02],
          [-4.8886e-02, -3.5086e-02, -2.8819e-02, -2.7415e-02],
          [-5.2724e-02, -2.4343e-02,  6.8430e-03, -7.6285e-03]],

         ...,

         [[ 2.7452e-02,  1.9905e-02, -2.3118e-02,  2.5362e-02],
          [ 6.3475e-03,  2.7163e-03,  1.1523e-02, -3.3632e-02],
          [ 2.8545e-02,  9.4620e-03, -4.1326e-02, -1.6141e-02],
          [ 4.6199e-02, -4.4235e-03, -3.7802e-02, -4.9719e-03]],

         [[ 6.2171e-02, -2.5312e-03, -1.6757e-02, -9.7657e-03],
          [-2.8930e-02, -4.8007e-02, -6.9969e-02, -3.8694e-04],
          [-3.7390e-02,  4.7832e-03, -1.5128e-02, -1.2314e-02],
          [-5.1630e-02, -2.4277e-03, -1.0800e-02, -4.5125e-02]],

         [[-6.7379e-02, -7.5013e-02, -3.3921e-02, -5.1868e-03],
          [ 3.9319e-02,  1.3648e-02,  7.8072e-03, -6.1359e-03],
          [-2.5354e-02, -3.1596e-02,  6.9706e-02,  9.2907e-03],
          [-1.1918e-02, -2.3760e-02,  5.5218e-03,  2.7632e-02]]],


        [[[ 1.7304e-02,  2.5456e-02, -3.0852e-03, -1.8003e-02],
          [ 1.2006e-02,  2.4414e-02, -3.7725e-02, -3.6502e-02],
          [-2.6735e-02, -1.1059e-02, -3.0125e-03, -9.8714e-03],
          [-1.4142e-02, -3.4050e-02, -3.4950e-03, -3.3944e-02]],

         [[-3.2287e-02, -1.0739e-02, -7.5204e-03,  3.5445e-02],
          [ 2.4518e-02, -2.4506e-02,  1.7492e-02, -1.8009e-02],
          [ 5.9992e-04,  1.1940e-02,  3.0641e-02,  2.3952e-02],
          [-6.9120e-03, -2.1315e-03,  8.7608e-03, -8.6008e-02]],

         [[-3.9141e-02,  4.8242e-03,  2.8607e-02, -1.5585e-02],
          [-5.0738e-02,  1.7280e-02, -1.4917e-02, -2.6423e-02],
          [ 4.0243e-03, -4.7273e-02,  8.3003e-03, -6.3466e-03],
          [-8.9851e-03, -5.1160e-02,  1.3858e-02, -5.2429e-02]],

         ...,

         [[ 6.2381e-03,  2.3256e-03,  2.0878e-02, -3.8243e-02],
          [-1.5320e-02, -4.6924e-02, -1.8821e-02, -2.2392e-02],
          [-1.5560e-02,  1.3454e-02,  2.5946e-02, -4.8916e-02],
          [-3.5053e-02, -4.1229e-02, -3.3763e-02, -1.3958e-03]],

         [[-3.0438e-02, -2.1864e-02, -1.8632e-02, -4.0100e-02],
          [ 2.9109e-02,  1.9914e-02, -1.1454e-02, -3.1217e-03],
          [ 2.2103e-02,  2.6016e-02, -1.5565e-02, -3.3000e-02],
          [ 1.9460e-02, -3.5068e-02,  1.8824e-02, -3.5978e-02]],

         [[-2.7671e-02, -8.2888e-03, -6.4593e-02, -7.7145e-03],
          [-5.1123e-03,  7.1986e-03,  2.9754e-02,  2.3498e-02],
          [-3.9546e-02, -2.0799e-02,  3.9683e-03, -2.0936e-02],
          [ 3.4798e-02,  3.4891e-02, -8.8207e-03, -3.8594e-02]]]],
       device='cuda:0')
enc.enc.2.bias torch.Size([64])
tensor([-0.0101, -0.0194, -0.0195, -0.0190, -0.0299, -0.0483,  0.0003, -0.0730,
         0.0390, -0.0459, -0.0241, -0.0142, -0.0225, -0.0636,  0.0003, -0.0259,
         0.0160, -0.0268, -0.0500, -0.0529, -0.0838, -0.0109, -0.0045, -0.0047,
        -0.0403, -0.0568, -0.0516, -0.0481, -0.0128, -0.0249, -0.0271, -0.0308,
        -0.0351, -0.0284, -0.0316, -0.0247, -0.0027,  0.0011, -0.0087, -0.0481,
        -0.0161, -0.0783, -0.0188, -0.0051, -0.0466, -0.0625, -0.0066, -0.0394,
        -0.0079, -0.0190, -0.0390,  0.0052, -0.0014, -0.0148,  0.0100, -0.0070,
        -0.0081, -0.0337, -0.0629, -0.0485, -0.0569, -0.0369, -0.0719, -0.0594],
       device='cuda:0')
enc.enc.4.weight torch.Size([128, 64, 4, 4])
tensor([[[[-4.6497e-02, -6.3085e-02, -4.4324e-02, -9.6534e-02],
          [-8.3595e-02, -1.1780e-01, -9.1378e-02, -1.4629e-01],
          [-2.7688e-02, -6.1109e-02, -6.1590e-02, -1.4131e-01],
          [-1.0798e-01, -3.6060e-02, -4.0195e-02, -1.3392e-01]],

         [[ 4.9017e-02,  4.5223e-02,  4.3015e-02,  2.1480e-02],
          [-3.2427e-02, -5.9545e-02,  1.5543e-02,  4.2818e-02],
          [ 3.9395e-02, -6.1087e-02, -8.0926e-02, -2.2486e-02],
          [-5.7000e-02,  1.8879e-02,  4.1846e-02,  2.1319e-02]],

         [[-6.2584e-02, -1.5915e-02, -3.5054e-02, -4.4949e-02],
          [ 6.8702e-04, -2.1761e-02, -1.8148e-02, -3.6309e-04],
          [ 1.0416e-03, -2.2338e-02,  1.4623e-04, -1.6960e-02],
          [-2.9674e-02,  3.2541e-03,  3.7646e-02, -4.8832e-02]],

         ...,

         [[ 3.7153e-03, -2.0707e-03,  1.3821e-04, -3.1358e-03],
          [ 1.2191e-02,  2.2178e-02,  3.7872e-03,  1.6425e-03],
          [ 2.9350e-02,  3.2871e-03,  1.5530e-02,  2.7718e-02],
          [ 1.8844e-02, -1.6328e-02, -2.0380e-02,  3.0887e-02]],

         [[-7.2834e-02, -3.3624e-02, -4.4658e-02, -4.3956e-02],
          [ 3.2287e-02,  1.3679e-02, -3.4943e-03, -6.4001e-03],
          [ 2.1456e-02,  3.6036e-02,  2.7353e-02,  1.2716e-02],
          [-4.5259e-02,  2.0980e-02, -2.3123e-02, -1.9536e-02]],

         [[-3.5487e-04, -3.6490e-03, -2.7579e-03,  1.6574e-02],
          [-2.0051e-02, -2.4196e-04,  1.6954e-02, -2.1640e-02],
          [ 1.1432e-02, -2.3911e-02,  2.1270e-02,  2.9217e-03],
          [-1.2768e-03,  3.3677e-03,  1.2249e-03, -6.7417e-04]]],


        [[[ 7.4277e-02,  5.0791e-02, -2.2879e-01, -4.1579e-01],
          [-1.6862e-01, -2.2516e-01, -1.1064e-02, -3.6089e-01],
          [-9.5759e-02, -1.7387e-01, -4.7680e-02, -3.2070e-01],
          [-4.0021e-01, -2.1045e-01, -4.3410e-03, -6.1493e-01]],

         [[-1.0140e-01, -2.4005e-02,  1.0349e-02,  5.5050e-03],
          [-1.5408e-02, -4.8323e-02,  1.9290e-02, -3.7166e-02],
          [-5.0187e-02, -8.0104e-02, -7.7237e-02, -3.7856e-02],
          [-2.3201e-02, -7.3161e-03, -5.9134e-02, -3.8756e-02]],

         [[-2.5733e-01,  6.6464e-03,  1.4153e-02, -3.4071e-02],
          [-1.0137e-01,  7.3057e-03,  3.0641e-02,  9.7618e-03],
          [ 8.5137e-04, -5.3013e-02,  3.6321e-02,  1.5627e-02],
          [ 7.7336e-03, -2.7232e-02,  2.2776e-03, -6.7976e-02]],

         ...,

         [[-1.0748e-02,  2.2040e-02,  1.6262e-03,  1.8440e-02],
          [-9.9056e-03, -3.7573e-02,  1.3652e-02,  2.3647e-02],
          [-2.0036e-02, -1.5875e-02,  2.2293e-02, -1.6381e-02],
          [-1.1338e-02, -1.2491e-02, -1.1433e-02, -1.3119e-02]],

         [[-7.1445e-02, -3.8689e-03, -6.9537e-02, -3.2082e-02],
          [-3.0112e-03, -2.0948e-02, -4.2593e-03,  4.4705e-03],
          [-1.0484e-02, -2.0645e-02, -9.6857e-03, -1.0774e-02],
          [-5.2701e-03,  5.1150e-02,  1.7806e-02,  1.2999e-02]],

         [[-1.9007e-02, -1.1155e-02,  4.3437e-03,  8.1338e-03],
          [-2.9088e-02,  1.6665e-02,  1.8513e-02,  1.7499e-02],
          [-2.3149e-03,  5.5989e-03,  4.1548e-03, -1.5159e-02],
          [-1.9712e-02,  2.6367e-02,  1.5922e-03, -9.7764e-03]]],


        [[[-6.2549e-04, -2.9480e-02,  2.1053e-03, -1.7483e-02],
          [-1.3500e-02, -3.5484e-03, -1.7450e-02, -3.5608e-02],
          [-1.8649e-02, -1.9039e-02,  6.3489e-03,  1.4392e-02],
          [-3.0584e-02, -8.3659e-03, -1.8366e-03,  4.6236e-04]],

         [[ 2.9355e-02, -1.3356e-02, -2.9938e-02,  4.6464e-03],
          [-1.9155e-02, -2.5016e-02, -2.1303e-02, -1.4102e-02],
          [-2.0381e-02, -2.9040e-02, -2.8050e-02, -3.3860e-04],
          [-1.7416e-02, -2.6288e-02, -3.6175e-03,  1.1624e-02]],

         [[ 2.3433e-02,  1.8397e-02, -4.8122e-03,  3.6903e-02],
          [-1.8955e-02,  1.6950e-02, -2.9472e-02, -1.0867e-02],
          [-7.4857e-03,  7.5317e-03, -9.7795e-03, -8.0531e-03],
          [ 1.9423e-02,  2.4726e-02, -3.8285e-02, -1.6062e-02]],

         ...,

         [[-5.7361e-03, -1.9950e-02,  1.4004e-02, -8.8800e-03],
          [ 1.9222e-02,  5.5592e-03,  3.4176e-03,  2.4559e-02],
          [-1.8367e-02,  9.2012e-04, -2.5454e-02,  1.9557e-02],
          [-5.8420e-03,  1.0513e-02,  2.3660e-02, -4.9137e-03]],

         [[-1.3962e-02,  1.8147e-02, -1.4326e-02,  1.2001e-02],
          [-1.0406e-02,  2.8127e-02,  4.2598e-03,  1.0585e-02],
          [-1.0149e-02,  1.2501e-02,  2.4894e-02, -2.5509e-02],
          [ 2.5160e-02, -2.5743e-02,  1.9118e-02, -1.8883e-02]],

         [[ 1.0818e-02,  1.2899e-02, -2.9631e-02,  1.3958e-02],
          [-2.7537e-02,  2.5840e-03,  3.4577e-02, -1.3953e-02],
          [-5.6169e-03, -2.1849e-02, -2.0298e-02,  1.5345e-02],
          [-8.1362e-03, -1.3955e-02,  3.0288e-02,  1.6267e-02]]],


        ...,


        [[[-2.1658e-01, -1.1260e-01, -1.4198e-01, -1.2726e-02],
          [-1.5611e-01, -1.0023e-01, -3.3163e-02,  1.0588e-02],
          [-4.7809e-02, -1.0013e-01, -8.5286e-02, -2.8939e-01],
          [-2.3782e-01,  2.6911e-02, -2.8292e-01, -2.3301e-01]],

         [[-1.9132e-02, -2.4858e-02, -1.1549e-02, -3.1647e-02],
          [-2.0173e-02,  1.7604e-03,  1.6692e-02, -4.3394e-02],
          [-2.9461e-02, -2.3059e-02, -1.9947e-02, -2.8139e-02],
          [-1.3276e-02,  2.1093e-02, -8.3083e-03, -4.6393e-03]],

         [[-1.8337e-02,  9.6137e-03, -1.8668e-03, -7.9589e-02],
          [ 3.5939e-02,  7.9129e-03, -7.2938e-03, -4.5911e-02],
          [ 1.0809e-02, -1.3019e-02, -1.1531e-02, -2.5599e-02],
          [-5.5570e-02,  9.2297e-03,  8.8301e-03,  3.5621e-03]],

         ...,

         [[-4.2334e-03,  9.1787e-03,  3.1695e-04, -2.1172e-03],
          [-2.2682e-02, -1.9937e-02,  1.9555e-02,  2.4963e-02],
          [-3.4897e-02, -4.0221e-03, -8.3236e-03,  1.6588e-03],
          [ 2.2796e-02, -7.6876e-03, -9.7984e-03,  7.9782e-03]],

         [[-3.6581e-02, -6.5548e-02, -3.1993e-03, -4.0008e-02],
          [-2.7392e-02,  3.4702e-03, -1.7853e-02, -3.3844e-02],
          [ 1.9567e-02,  2.1119e-02, -5.3171e-03, -3.7033e-02],
          [-6.6573e-02,  2.8252e-02, -4.1131e-02, -4.6902e-03]],

         [[-1.8528e-02, -1.0069e-02, -9.2867e-04, -2.0009e-02],
          [-1.0001e-02,  1.4662e-02, -9.2536e-03,  2.5262e-02],
          [-4.2615e-02,  3.3645e-02,  2.3562e-03,  1.5595e-02],
          [-7.1061e-03, -7.1441e-04, -2.2194e-02,  2.8428e-02]]],


        [[[-2.3619e-01, -8.8491e-02, -1.1172e-01, -4.0287e-01],
          [ 1.2179e-02,  7.8356e-02, -2.0306e-02, -3.7812e-01],
          [-1.0093e-01, -7.1269e-02, -1.5194e-01, -2.1615e-01],
          [-1.7389e-01, -1.6598e-01, -1.1264e-01, -2.6544e-01]],

         [[-2.3437e-02, -1.7460e-02, -2.3498e-03,  2.2839e-02],
          [-3.5091e-02,  1.1038e-01, -1.3865e-03, -2.4894e-02],
          [-5.5234e-02, -2.3197e-02, -3.1113e-02,  5.0076e-03],
          [-4.8425e-02, -3.7058e-02, -7.4410e-03, -3.4723e-02]],

         [[-7.4012e-02,  3.9755e-02, -3.8003e-02, -4.3983e-02],
          [-5.0504e-02,  1.0513e-01, -1.2238e-02, -5.8269e-02],
          [-9.4032e-02, -1.9307e-03, -4.8277e-03, -4.1752e-02],
          [-7.1267e-02, -1.0369e-01, -4.6340e-02, -2.5811e-02]],

         ...,

         [[ 5.1166e-03,  2.7504e-02,  8.7466e-03,  1.8364e-02],
          [ 2.1066e-02,  5.6505e-03,  1.8237e-02,  1.8273e-02],
          [ 1.4242e-02,  2.8480e-02,  1.4982e-02,  3.0346e-03],
          [ 8.9104e-03,  7.9534e-03,  5.4243e-03,  6.4649e-03]],

         [[-5.4137e-03,  5.6551e-02,  8.9374e-03, -5.9807e-02],
          [ 1.8273e-02,  2.8002e-03, -1.1925e-02,  3.4628e-02],
          [-7.9835e-02, -2.3199e-02, -2.4873e-02, -1.9790e-02],
          [-5.1484e-03, -5.1227e-04, -2.5379e-02,  2.8613e-02]],

         [[-6.3006e-03, -2.9276e-02, -3.1156e-03, -5.6887e-03],
          [-3.5124e-03, -3.0938e-02, -5.1583e-03, -1.2897e-02],
          [-2.2419e-02,  3.1214e-03,  1.9282e-02, -2.2625e-02],
          [ 9.2251e-03, -6.2838e-03, -2.8472e-02,  2.0636e-02]]],


        [[[ 1.0952e-01,  1.1486e-01, -5.5967e-02, -7.8097e-02],
          [ 8.4766e-02,  3.4136e-02, -7.7861e-02, -1.0439e-01],
          [ 9.5915e-02,  2.1920e-02, -1.3075e-01, -7.6443e-02],
          [ 1.0057e-01,  4.5207e-02, -1.0194e-01,  6.5945e-02]],

         [[-1.0797e-02,  1.6256e-02,  7.2072e-02,  3.3564e-02],
          [ 1.0058e-02,  1.6712e-02, -6.3401e-03, -4.0147e-02],
          [-8.0323e-02, -3.3748e-02,  3.5002e-02, -6.3893e-02],
          [ 5.2425e-02, -8.2992e-03, -2.4109e-02, -1.3348e-02]],

         [[-9.9909e-03, -7.5740e-02,  1.2035e-01,  5.3278e-03],
          [ 1.0527e-01,  2.9169e-02,  1.6444e-02,  2.9745e-02],
          [ 9.5444e-02, -9.3990e-02, -2.1136e-02, -1.1991e-01],
          [-4.9893e-02, -1.5009e-01, -4.3488e-02, -7.4749e-02]],

         ...,

         [[-1.6236e-02, -1.5877e-02, -2.7446e-02,  1.0219e-02],
          [ 1.8842e-02,  5.8781e-03, -3.0188e-02, -2.7190e-02],
          [-5.6472e-03,  1.5611e-02, -3.6582e-02, -2.0074e-02],
          [-1.8655e-02, -2.7581e-02, -3.0525e-02, -1.4967e-02]],

         [[ 1.0474e-02,  1.1283e-03,  4.1463e-03, -2.3050e-02],
          [ 4.4227e-03,  7.3858e-03,  8.8226e-03, -8.1429e-04],
          [-3.9885e-03, -1.4199e-02, -7.8344e-03,  4.9486e-03],
          [-4.7513e-03, -7.6026e-03, -1.8107e-02,  3.3998e-02]],

         [[ 7.2021e-03, -1.8301e-02, -2.3878e-02,  8.2563e-03],
          [-1.3111e-02,  2.1176e-02, -8.3277e-03, -3.3993e-02],
          [ 1.6991e-02, -9.6972e-03, -2.2220e-02, -2.4585e-03],
          [-3.6481e-02, -3.2185e-02, -4.3604e-03, -1.0620e-02]]]],
       device='cuda:0')
enc.enc.4.bias torch.Size([128])
tensor([ 0.0210, -0.0167, -0.0489, -0.0276,  0.0093, -0.0150,  0.0019, -0.0805,
        -0.0037, -0.0319,  0.1001,  0.0037,  0.0857, -0.0144, -0.0353,  0.0150,
         0.0777, -0.0529, -0.0582,  0.0607, -0.0436, -0.0053,  0.0007, -0.0359,
        -0.0082,  0.0441, -0.0106, -0.0231,  0.0013,  0.0080,  0.1622,  0.0215,
        -0.0104,  0.0704, -0.0283, -0.0006,  0.0128, -0.0325,  0.0801,  0.0444,
         0.0023,  0.0625,  0.0272, -0.0448, -0.0497, -0.0372,  0.0419, -0.0384,
        -0.0141, -0.0044, -0.0086,  0.0515, -0.0286, -0.0308, -0.0092, -0.0368,
        -0.0360,  0.1353, -0.0744, -0.0384, -0.0103, -0.0505,  0.0439, -0.0324,
        -0.0051, -0.0109, -0.0173,  0.0062,  0.0238, -0.0116,  0.0154,  0.0582,
         0.0611,  0.0306,  0.0049, -0.0075,  0.0696, -0.0238, -0.0331, -0.0382,
        -0.0264,  0.0284,  0.0860, -0.0340,  0.0497,  0.0685, -0.0047, -0.0212,
         0.0474, -0.0247,  0.0230, -0.0120, -0.0358, -0.0227,  0.0571, -0.0078,
        -0.0290, -0.0407,  0.0717, -0.0139, -0.0337,  0.0993,  0.1192, -0.0267,
         0.2003,  0.0042, -0.0293,  0.0015,  0.0864, -0.0165,  0.0645, -0.0297,
         0.0332, -0.0066,  0.0776,  0.0281,  0.0350, -0.0010,  0.0911,  0.0021,
        -0.0180, -0.0309,  0.0468, -0.0280,  0.0057, -0.0067,  0.0154,  0.0764],
       device='cuda:0')
enc.c1.weight torch.Size([20, 128, 4, 4])
tensor([[[[ 2.1571e-03, -1.2543e-03,  3.1487e-03, -1.3713e-02],
          [-2.5674e-02, -1.0027e-02, -2.5304e-02, -1.8807e-02],
          [ 1.0208e-02,  6.3774e-03,  1.0321e-02,  8.9802e-03],
          [ 1.3804e-02, -1.7722e-02, -1.6217e-02, -5.2897e-03]],

         [[-1.0513e-02, -2.3786e-02,  1.4126e-02, -3.3880e-03],
          [-1.6759e-02, -2.2304e-02,  1.8500e-02, -8.4636e-03],
          [-2.2415e-02, -6.8981e-03, -6.6561e-03,  1.3778e-02],
          [ 9.7685e-03, -7.5294e-03,  4.4314e-03,  1.4489e-02]],

         [[-6.0673e-03, -2.1893e-02,  6.2535e-03, -1.1933e-02],
          [-3.3805e-02, -6.6320e-03,  1.6451e-02, -1.1151e-02],
          [-1.5046e-02, -1.0397e-02,  2.0494e-02,  8.8525e-03],
          [ 1.4340e-02, -1.3392e-03, -1.0462e-02, -1.9553e-03]],

         ...,

         [[-2.7762e-02,  4.1312e-03,  1.0748e-03,  1.3551e-02],
          [-4.8528e-03,  1.2716e-02, -6.3061e-03, -3.0760e-02],
          [-1.9534e-02, -9.1192e-03,  1.3988e-02, -2.0140e-02],
          [ 1.1843e-02,  5.0956e-03, -2.5092e-02,  9.8374e-03]],

         [[ 5.8755e-03,  3.4825e-04, -3.8301e-03,  1.4546e-02],
          [-1.4949e-02, -1.2155e-02,  6.0104e-04,  1.0749e-03],
          [ 8.6806e-03,  9.3369e-03,  1.5267e-04,  1.0606e-02],
          [-2.3578e-02,  4.7983e-03,  3.1713e-03,  2.8118e-03]],

         [[-2.3008e-02,  1.0638e-03,  3.8935e-03, -2.0874e-02],
          [-3.8171e-02,  7.7007e-03,  4.9694e-02, -4.6915e-02],
          [-2.0873e-02,  3.5285e-02, -1.3273e-02, -6.7623e-02],
          [-1.0072e-02, -3.3423e-02, -5.3888e-02, -2.3284e-02]]],


        [[[ 1.1424e-02,  1.0168e-02,  5.0717e-03, -1.9455e-02],
          [-1.2453e-02,  6.6831e-03,  3.0415e-03, -7.9166e-03],
          [ 1.1163e-02, -5.6016e-03,  1.5380e-02, -5.7388e-03],
          [ 3.2510e-03, -1.1361e-02, -1.6484e-02,  4.5356e-03]],

         [[ 2.0338e-02, -2.2026e-02,  1.3166e-02, -8.9122e-03],
          [-1.9029e-02, -6.0860e-03,  6.4046e-03, -1.0497e-02],
          [-1.6810e-02, -1.3422e-02,  1.0899e-02,  1.2897e-02],
          [-2.2330e-02, -1.6328e-02, -6.0296e-03, -7.0683e-03]],

         [[-9.4805e-03, -3.8835e-03, -1.2608e-02, -8.4115e-03],
          [ 1.2737e-02,  1.1566e-02,  1.6880e-02, -8.1721e-03],
          [-2.0008e-02,  3.7397e-03, -9.5512e-03,  1.6737e-02],
          [-7.8245e-03,  3.3762e-04, -1.4402e-02, -1.6639e-02]],

         ...,

         [[-1.9081e-02, -4.7339e-03,  1.1418e-02, -1.0869e-02],
          [-3.4239e-04,  1.4397e-02,  1.2300e-02,  1.5549e-02],
          [-5.0757e-03,  2.1359e-03,  1.1934e-02, -1.1909e-02],
          [ 6.9302e-03,  1.3682e-02,  7.1649e-03,  6.9981e-03]],

         [[-1.6810e-02, -1.0815e-02, -2.1598e-02, -2.0653e-03],
          [-3.8511e-03,  2.6160e-02,  1.5654e-02, -3.1271e-04],
          [-1.4060e-02, -3.3499e-03, -8.3033e-04, -1.1725e-02],
          [ 1.7153e-02,  1.3287e-02, -7.8927e-03,  6.0749e-04]],

         [[ 1.3697e-02,  1.2904e-02,  2.3738e-02, -2.7618e-02],
          [ 4.0336e-02, -2.1940e-02,  1.6230e-02, -3.2007e-02],
          [ 1.4711e-02,  1.0933e-02,  2.2366e-04, -3.1351e-02],
          [ 4.6714e-02, -2.3744e-02,  2.1087e-02, -3.1761e-02]]],


        [[[-5.0702e-03, -1.2004e-02, -1.2060e-02, -2.7813e-03],
          [ 1.7197e-02,  1.6313e-02, -2.7142e-02,  2.0242e-02],
          [-1.6200e-02, -4.2921e-03, -7.9658e-03,  1.0169e-02],
          [ 1.3459e-03, -2.2899e-03, -1.2858e-02,  9.6603e-03]],

         [[ 2.6175e-02, -3.1241e-02,  1.8824e-02,  5.6988e-03],
          [-2.7465e-03,  5.0369e-03,  2.8486e-03,  1.4184e-03],
          [ 2.7197e-03,  1.7832e-02,  2.5330e-02,  1.2898e-02],
          [ 3.2406e-03,  1.0066e-03, -1.0628e-03, -1.8639e-02]],

         [[-1.1286e-02,  1.4379e-02,  1.8650e-02,  1.9137e-02],
          [-3.0865e-02, -2.0976e-02,  7.8816e-03, -6.3376e-03],
          [ 1.4007e-02,  1.6763e-02, -1.9329e-02, -1.1277e-02],
          [ 3.5988e-03,  1.2575e-02, -7.7643e-03,  1.5230e-02]],

         ...,

         [[-4.0851e-03, -1.0807e-02, -2.0474e-05, -2.0881e-02],
          [ 2.1128e-02,  3.2214e-02,  3.3487e-02, -1.4505e-02],
          [-1.2531e-02, -1.8103e-02,  6.2357e-03,  1.2817e-02],
          [-6.8847e-03, -5.8664e-03,  4.4596e-03, -6.3438e-03]],

         [[ 1.3182e-02,  1.0476e-02,  1.6314e-02, -1.0023e-02],
          [-1.2602e-02,  2.1872e-02, -1.4487e-02, -1.5086e-02],
          [ 7.9436e-03,  2.2485e-02,  1.2192e-02, -1.8872e-02],
          [ 1.0964e-03, -3.8306e-03, -2.6671e-02, -4.1255e-02]],

         [[ 7.1659e-02,  2.0817e-02,  5.0108e-03, -2.8833e-02],
          [-2.6665e-02,  8.1173e-03, -9.8500e-03, -4.6365e-03],
          [-4.5574e-03,  1.3380e-02, -1.6634e-02,  1.0595e-02],
          [ 2.3190e-02,  4.4712e-02,  4.4226e-02, -1.2488e-02]]],


        ...,


        [[[-3.0464e-02,  2.4487e-02,  2.2569e-02, -2.7144e-02],
          [-2.2632e-02,  4.2872e-02, -3.5507e-02, -6.1014e-03],
          [ 2.1365e-02,  4.9929e-03,  1.8943e-02, -7.7312e-03],
          [ 1.5266e-02,  3.2276e-02, -5.4152e-02,  1.7069e-02]],

         [[ 1.0118e-01,  7.1663e-02, -5.2346e-02, -5.9260e-02],
          [ 1.8619e-03,  4.5739e-02,  1.0741e-01,  1.7677e-02],
          [ 6.0818e-03, -4.6874e-04, -3.4129e-03,  1.7548e-02],
          [-8.3392e-04,  1.9540e-02, -4.6997e-02, -2.7627e-03]],

         [[-1.3462e-03,  1.3269e-02,  3.3675e-03, -8.1885e-03],
          [-8.9521e-03, -9.2180e-04,  7.2230e-03,  4.1625e-03],
          [-2.9742e-03,  2.1669e-03, -2.0089e-02, -2.1348e-02],
          [ 1.9702e-03, -1.6110e-02,  2.0761e-03,  1.4157e-02]],

         ...,

         [[-4.7911e-02,  3.0884e-02,  2.5681e-02,  3.1200e-02],
          [ 4.9973e-03, -2.4458e-02,  2.2726e-02, -2.2419e-02],
          [-2.1971e-02,  1.2657e-02, -1.8550e-02, -3.2255e-02],
          [ 2.2339e-02,  1.0244e-02,  2.2060e-02, -1.3229e-02]],

         [[-2.7755e-02, -1.3245e-02, -8.1958e-03, -4.3647e-02],
          [ 1.7609e-02,  2.3328e-02,  5.2087e-02, -7.6354e-02],
          [ 8.8571e-03, -1.3409e-03, -6.2004e-02,  2.2645e-02],
          [-1.1741e-02,  5.8377e-03, -5.8897e-02,  2.7727e-03]],

         [[-1.5506e-01,  1.0447e-01,  1.1847e-01, -1.0040e-01],
          [ 3.7363e-02,  2.3479e-01, -1.6563e-01,  1.3989e-02],
          [ 9.8357e-02,  6.8494e-02, -3.7794e-01,  1.2270e-01],
          [ 3.1454e-02, -9.8236e-02, -2.3443e-02, -4.4550e-03]]],


        [[[-5.0363e-02, -4.8753e-02,  1.4722e-02,  3.8346e-02],
          [-1.1978e-02,  2.3422e-02,  3.0647e-02, -1.7317e-02],
          [-3.7588e-02,  5.6703e-02,  2.5618e-02,  7.8579e-02],
          [-6.9385e-02, -2.5720e-02,  5.6641e-02,  4.3838e-02]],

         [[ 2.6239e-02,  5.2654e-02,  5.2930e-02,  1.7196e-02],
          [ 2.7940e-02, -6.7680e-02, -2.0469e-02, -2.1871e-02],
          [-1.1275e-01,  5.9449e-02,  7.0324e-02, -5.8829e-02],
          [-1.5678e-02,  9.7721e-03, -8.1671e-02,  6.9549e-02]],

         [[-1.7948e-02, -1.5711e-02, -9.6899e-03, -4.1846e-03],
          [-2.7940e-02,  1.0140e-02,  1.0204e-02,  1.8178e-02],
          [-1.4066e-02,  1.4783e-02,  2.0237e-02, -1.9950e-02],
          [ 4.2846e-03, -1.4939e-02,  1.1099e-02, -1.1132e-02]],

         ...,

         [[-3.3621e-02, -5.6350e-02, -6.7920e-03, -8.4262e-02],
          [-2.6898e-02,  7.3496e-02,  4.1538e-02,  2.2497e-02],
          [-5.3752e-03,  6.9666e-02,  2.6848e-02, -1.4616e-02],
          [ 1.1004e-02, -3.7131e-02, -7.4728e-03,  5.4469e-02]],

         [[ 1.2035e-02, -4.9106e-02, -1.5403e-02,  2.8186e-02],
          [-6.4562e-03,  4.2702e-02,  3.4767e-02,  4.2528e-02],
          [-6.8868e-02, -9.7409e-03, -2.3631e-02,  9.3905e-03],
          [-8.8415e-03, -5.2345e-03,  6.9004e-02, -7.0481e-02]],

         [[-8.7935e-02, -8.3924e-02,  6.0692e-02,  1.0586e-01],
          [-4.6591e-02,  7.0559e-02, -1.2231e-02, -1.7331e-03],
          [-7.1269e-02,  1.9374e-01, -1.1715e-01, -1.6093e-01],
          [-5.5803e-02,  9.7046e-02,  9.4948e-02, -1.4801e-01]]],


        [[[-3.6701e-02, -1.0924e-01,  4.9211e-02, -3.8126e-02],
          [-1.2215e-01, -1.3851e-01, -8.1654e-02, -7.7544e-02],
          [-1.6075e-02, -9.2284e-02, -1.0142e-02,  5.1001e-02],
          [ 2.8732e-02, -2.6872e-02, -6.8501e-03,  1.7900e-02]],

         [[-1.9440e-01, -1.0708e-01, -1.2837e-01, -1.2377e-01],
          [ 5.2331e-02,  1.5535e-01,  4.6819e-02,  1.8002e-02],
          [ 8.3193e-02, -1.3131e-01,  4.0989e-02,  6.0057e-02],
          [-2.3105e-02, -3.0404e-02,  2.8722e-02, -3.5048e-02]],

         [[ 6.1275e-03,  1.2322e-02,  1.0321e-02,  1.9785e-02],
          [ 1.5218e-02, -1.6911e-02, -4.7159e-04,  9.4350e-03],
          [-1.2624e-02,  1.0704e-02,  4.1815e-03,  1.3981e-02],
          [-2.7905e-04,  1.9881e-02, -7.4012e-03, -9.3054e-03]],

         ...,

         [[-1.4080e-02, -6.7006e-02, -2.6557e-02, -1.4875e-02],
          [ 2.2812e-02,  1.1832e-01,  2.0491e-02, -9.8029e-03],
          [-4.8446e-02,  1.3818e-02, -3.2748e-02, -3.4503e-02],
          [-6.2385e-03,  6.2752e-02,  2.1896e-02, -7.8486e-03]],

         [[-4.6694e-03, -4.0137e-02,  1.2768e-02, -1.1799e-01],
          [-3.5425e-02, -1.3301e-01,  5.1436e-02, -1.1001e-01],
          [ 2.6187e-02, -1.9815e-01, -6.9237e-02, -1.8723e-01],
          [ 3.6255e-02, -1.2990e-02, -9.1403e-03, -5.3987e-03]],

         [[-1.8101e-01, -1.7607e-02,  4.6670e-02,  1.2019e-01],
          [-7.6034e-02,  2.4100e-02,  1.3917e-01,  1.5301e-01],
          [ 1.8000e-02,  6.1264e-02,  1.4957e-01,  1.8057e-01],
          [-2.5782e-02, -8.1298e-02,  4.7633e-02,  9.1475e-02]]]],
       device='cuda:0')
enc.c1.bias torch.Size([20])
tensor([-0.0194, -0.0100,  0.0065,  0.0274,  0.0229, -0.0034, -0.0062, -0.0282,
        -0.0303,  0.0062, -0.0018, -0.0506, -0.0026,  0.0466, -0.0007, -0.0187,
        -0.0055, -0.0409,  0.0075,  0.0038], device='cuda:0')
enc.c2.weight torch.Size([20, 128, 4, 4])
tensor([[[[-8.7779e-03,  8.5422e-03, -5.5135e-03,  1.7824e-02],
          [ 1.9554e-03, -7.7332e-03, -1.0074e-03, -2.1668e-02],
          [-4.9459e-03, -2.4499e-02, -2.4518e-02,  3.8331e-03],
          [ 2.3881e-02,  1.8759e-02,  1.5519e-02,  7.6984e-03]],

         [[ 1.5474e-02, -2.4420e-02,  1.4954e-02,  9.5113e-03],
          [-4.3127e-03, -1.7781e-02,  3.9096e-03, -8.9987e-03],
          [-5.4449e-03, -3.4884e-03,  1.2401e-02, -1.6903e-02],
          [ 1.9748e-02, -7.9363e-03,  1.2638e-02,  3.1040e-02]],

         [[-2.1800e-02, -1.3271e-02, -3.3641e-03,  1.3884e-02],
          [ 7.6894e-03, -1.8619e-02, -7.0393e-03, -1.0712e-03],
          [-2.6236e-03, -2.7650e-03, -3.3435e-03,  1.4641e-02],
          [-6.4378e-03,  1.3735e-02,  5.0319e-03,  1.3862e-02]],

         ...,

         [[ 6.1218e-03, -4.9900e-03,  1.1013e-03,  1.1446e-02],
          [-1.2020e-02,  1.2441e-02,  6.6292e-03,  2.2979e-02],
          [ 2.6753e-03, -4.0879e-04, -1.6105e-02, -6.0450e-03],
          [ 7.5373e-03,  9.9700e-03, -8.6921e-03, -3.6279e-03]],

         [[ 2.4836e-02,  1.0288e-02,  1.8959e-02, -2.9423e-02],
          [ 1.0788e-02, -5.0926e-02, -2.4508e-02,  7.2226e-03],
          [-4.0105e-02, -2.4892e-02, -1.3982e-02, -4.1703e-02],
          [-2.4963e-02, -1.9953e-03,  2.3416e-02, -2.8109e-02]],

         [[ 4.5361e-04,  1.7568e-02,  5.2436e-02,  4.0913e-02],
          [ 1.6955e-02,  5.0159e-02,  4.2981e-02,  3.9502e-02],
          [-4.6860e-03,  5.4762e-03,  3.0644e-02,  1.7405e-02],
          [-2.5855e-03, -1.1170e-02,  6.1549e-02, -4.3115e-03]]],


        [[[ 7.2961e-03, -1.7044e-02, -1.0377e-02, -7.0895e-03],
          [ 7.2923e-03, -1.9450e-02,  7.1603e-03, -2.9721e-02],
          [-8.5019e-03, -1.2229e-02, -7.0019e-03,  1.6256e-02],
          [-1.8859e-02, -6.9673e-03,  1.8736e-02,  4.5583e-04]],

         [[ 1.0420e-02, -1.1932e-02, -2.2435e-03, -2.8307e-02],
          [ 6.5734e-03, -1.5144e-02, -4.2456e-03, -6.6560e-03],
          [ 6.9132e-03, -2.5328e-02, -2.1814e-02, -2.4765e-02],
          [-2.3615e-04,  2.1605e-02,  2.8390e-02,  9.6605e-03]],

         [[ 1.1141e-02,  4.4657e-03,  1.6161e-02,  1.3923e-02],
          [ 1.8906e-02,  6.5231e-03, -1.4735e-02,  3.0175e-03],
          [ 5.1300e-03, -7.0385e-03,  8.2482e-03, -1.0662e-02],
          [ 7.9149e-03,  1.7670e-02, -3.0073e-03, -1.9761e-02]],

         ...,

         [[ 1.7034e-02,  4.8498e-03, -9.0034e-03,  3.4640e-02],
          [-7.5409e-03,  1.7447e-02,  2.2537e-02, -1.7616e-02],
          [-6.5833e-03,  2.0677e-02, -6.9172e-03,  1.5458e-02],
          [ 3.2452e-03,  1.1527e-02,  7.6268e-03, -5.6628e-03]],

         [[ 1.4922e-02, -2.4843e-02,  1.5041e-02, -2.2926e-03],
          [-2.4678e-02, -4.4599e-02, -3.2850e-02,  2.4916e-04],
          [ 3.5985e-03, -3.6162e-02,  1.4426e-03, -2.1426e-02],
          [-1.9308e-02, -2.4888e-02,  2.7528e-02,  8.3781e-03]],

         [[-7.0311e-03,  7.0188e-02,  2.4640e-02,  5.2309e-02],
          [ 6.5867e-04,  4.0211e-02,  4.4122e-02,  6.1753e-03],
          [ 1.2528e-02,  3.2647e-03,  3.7010e-02, -1.0228e-02],
          [ 2.3142e-03,  5.5399e-02,  6.9951e-02,  2.7296e-02]]],


        [[[-2.9075e-02,  1.6501e-02,  3.0554e-03,  7.1082e-04],
          [-1.0340e-02, -3.0786e-02,  4.1413e-04, -5.4984e-03],
          [-2.6118e-02, -2.0546e-02, -1.9235e-02, -4.0583e-03],
          [-1.2097e-02, -8.9011e-04,  1.3479e-02,  4.1759e-03]],

         [[ 2.9464e-02, -1.9360e-03, -3.2211e-02, -1.8552e-02],
          [-2.4842e-04, -2.3203e-02, -6.1476e-03, -2.9988e-02],
          [ 2.8694e-02,  8.2729e-03, -1.3547e-02, -2.9890e-02],
          [-2.9872e-02, -1.1540e-03,  1.4735e-03,  2.6202e-03]],

         [[ 2.8042e-03, -1.7903e-02, -2.0142e-02, -2.1866e-03],
          [-5.9920e-03, -6.1582e-03,  1.1640e-02,  1.8603e-02],
          [-6.7066e-03,  4.6320e-03,  1.9810e-02, -1.0873e-02],
          [ 1.7434e-02,  2.0043e-02,  4.7819e-03, -2.1315e-03]],

         ...,

         [[ 1.4356e-02, -2.1679e-02, -3.4813e-02,  3.5576e-03],
          [-4.3031e-03,  1.7467e-02,  1.0309e-02,  1.3997e-02],
          [-2.2159e-02,  1.4048e-02,  8.6312e-03,  9.7361e-03],
          [-1.1711e-02,  1.9811e-02,  1.5350e-03, -2.4880e-02]],

         [[ 1.1820e-02, -3.2075e-02, -1.1092e-02, -2.5159e-02],
          [-1.4699e-02, -4.1695e-02, -2.9767e-02, -6.5154e-02],
          [ 2.5047e-03, -4.5463e-02, -7.6925e-03, -1.0797e-01],
          [-3.2320e-02, -1.2921e-02, -4.0565e-03, -1.6095e-02]],

         [[-2.5694e-02, -2.5463e-03,  2.2554e-02, -1.6085e-02],
          [-6.7880e-03,  2.8368e-02,  2.4167e-02,  9.6419e-03],
          [ 2.1077e-02, -2.8634e-03,  1.0573e-02, -1.3227e-02],
          [ 2.6307e-02,  5.4347e-02,  1.1616e-02,  2.1130e-02]]],


        ...,


        [[[ 2.7876e-02, -8.2734e-02,  1.9207e-03, -2.8282e-02],
          [ 5.9905e-02,  9.8703e-02, -4.8811e-02,  3.8604e-02],
          [-1.4738e-02,  1.7208e-02,  1.1037e-01,  6.8994e-02],
          [ 8.9514e-03, -7.3815e-02, -2.3596e-02, -2.3212e-02]],

         [[-5.3748e-02, -8.7166e-02,  1.1086e-02,  1.4572e-02],
          [ 5.9779e-02,  6.9902e-02,  1.0647e-01,  1.4086e-02],
          [ 2.1606e-02,  5.3195e-02,  4.6728e-02,  4.0237e-02],
          [-7.8414e-02, -1.8247e-02, -5.3444e-02, -1.8311e-02]],

         [[ 4.3147e-04,  1.9043e-02, -2.6765e-04,  6.3773e-03],
          [-2.1761e-02, -1.6433e-02,  2.8203e-03,  8.2279e-04],
          [-2.4580e-03, -1.6560e-02,  3.6207e-03,  7.4306e-04],
          [ 1.5158e-02,  7.7186e-03, -1.5394e-02, -1.0662e-02]],

         ...,

         [[-1.7073e-02,  5.6273e-02, -3.9336e-02, -5.7278e-02],
          [ 1.0335e-01,  1.3408e-01,  6.0532e-02,  2.7186e-02],
          [-3.6344e-02,  3.6068e-02,  2.8448e-02, -1.3122e-02],
          [-4.5281e-02,  5.8370e-03,  4.3088e-02, -1.6173e-02]],

         [[ 5.1809e-03, -1.8519e-02, -5.2203e-02, -1.2912e-02],
          [ 4.8888e-02,  1.2330e-01,  7.5563e-02, -6.8495e-02],
          [ 4.1267e-02,  2.6306e-02,  1.0406e-02, -3.1563e-02],
          [ 2.1532e-03,  5.2639e-02,  1.3073e-01, -2.3195e-02]],

         [[ 3.6693e-02, -5.9791e-02, -1.2074e-02, -3.7488e-02],
          [ 2.0228e-02, -2.4250e-02, -3.1869e-02,  1.5692e-02],
          [ 4.1217e-02, -3.5156e-02, -8.8978e-02, -1.2409e-02],
          [ 5.4885e-02,  1.2512e-02,  5.6898e-03, -2.6433e-02]]],


        [[[-3.7868e-03,  2.6544e-02, -7.1420e-03,  1.1468e-03],
          [ 5.1196e-02,  3.4191e-02, -1.2812e-04,  5.4603e-02],
          [ 4.6290e-02,  8.6645e-03,  6.3874e-02,  7.0226e-02],
          [ 1.4197e-02, -2.0530e-02, -7.1873e-03, -6.3881e-03]],

         [[-9.2792e-02, -9.0408e-02, -5.6605e-03,  7.9802e-02],
          [ 4.0361e-02,  2.4887e-02,  3.0752e-02,  3.0114e-02],
          [ 2.1582e-02,  2.5828e-02, -1.8563e-02,  4.8052e-02],
          [-5.8031e-05, -8.5197e-03, -6.7509e-02, -3.9186e-02]],

         [[-2.7846e-03, -5.1152e-03,  1.3325e-02, -3.4166e-03],
          [ 1.7334e-02, -2.0907e-02,  4.8252e-03,  1.3206e-02],
          [ 1.7999e-02, -1.3732e-02, -1.3994e-02, -1.8097e-02],
          [ 8.7229e-03, -4.6118e-03,  1.6549e-02,  1.0230e-02]],

         ...,

         [[-6.6885e-03,  1.9010e-02,  3.2778e-02, -4.2564e-02],
          [ 1.5603e-02, -2.4773e-04,  4.2245e-02,  8.7602e-03],
          [ 6.0215e-04, -2.7935e-02, -1.2652e-03,  9.2542e-03],
          [ 6.0341e-02,  7.0257e-03, -8.6211e-03, -4.1220e-03]],

         [[ 9.1814e-03, -1.2869e-02, -7.2760e-02,  2.9312e-02],
          [ 1.2600e-02,  5.7771e-02,  3.5301e-02, -3.6752e-02],
          [ 5.9536e-03,  1.6195e-02,  3.3887e-02, -1.1342e-01],
          [ 2.7906e-02,  6.9131e-02,  4.2073e-02,  5.2445e-02]],

         [[-3.0796e-02, -1.3238e-02, -3.2802e-02, -4.5799e-02],
          [ 4.4428e-02, -3.8725e-02, -1.3829e-02, -3.0940e-02],
          [ 7.5263e-02,  1.9660e-02, -7.1086e-02,  1.3043e-02],
          [ 3.0790e-02, -2.3859e-02,  1.2114e-02, -2.0041e-02]]],


        [[[-1.4581e-02,  4.7498e-02, -9.3157e-02,  3.9248e-02],
          [-3.1893e-02,  1.0482e-01,  4.8158e-02,  5.3064e-02],
          [ 4.2570e-02,  9.5644e-02,  7.1299e-02,  1.0116e-01],
          [-3.4065e-02,  1.0975e-01,  3.6060e-02, -3.8775e-02]],

         [[-2.1641e-01, -5.5936e-01, -6.9489e-01, -3.9816e-01],
          [-7.2025e-03, -7.3736e-02, -9.6015e-02,  3.8699e-02],
          [ 2.7354e-02,  1.1504e-02,  9.8192e-02,  1.4634e-01],
          [ 2.7059e-02,  1.4530e-01,  1.0182e-01, -3.4370e-02]],

         [[ 5.7199e-05,  2.0638e-02,  4.3590e-03, -9.0144e-04],
          [ 3.0931e-02,  1.2073e-02, -3.7854e-03, -1.7369e-02],
          [-8.8588e-03,  8.7630e-04, -1.3688e-02,  4.0975e-03],
          [ 8.5474e-03,  1.0731e-02, -1.0916e-02, -1.7304e-02]],

         ...,

         [[-4.0425e-02, -3.0834e-02, -1.2334e-02, -7.4349e-02],
          [-9.1361e-03, -8.3432e-02, -8.3066e-02, -6.5326e-02],
          [ 1.3953e-01,  9.5072e-02,  9.2051e-02,  1.0756e-01],
          [-1.9111e-01, -6.0306e-02, -6.1651e-02, -6.1881e-03]],

         [[ 1.2840e-02,  2.9754e-01,  6.5132e-02,  5.8932e-02],
          [-1.0379e-01,  2.0441e-01, -6.9268e-02,  4.5616e-02],
          [-1.0514e-02,  1.6980e-01, -2.2676e-02,  3.0677e-01],
          [-8.9216e-03, -3.9326e-02, -8.5513e-03,  1.4022e-02]],

         [[-5.5011e-02, -4.3940e-03, -3.9773e-02, -6.2102e-02],
          [-1.0610e-01,  1.2858e-02,  8.4183e-02, -2.5579e-02],
          [-7.1728e-02, -3.5533e-02,  4.4629e-02, -9.4646e-03],
          [ 7.2326e-03,  5.5267e-02, -3.1969e-04, -9.5512e-04]]]],
       device='cuda:0')
enc.c2.bias torch.Size([20])
tensor([ 0.1796,  0.0045, -0.0855, -0.1965,  0.1193, -0.2359,  0.1382, -0.2440,
        -0.2089, -0.0173,  0.6790, -0.3046,  0.2577, -0.2821, -0.2549, -0.2484,
         0.0634, -0.2735, -0.2815, -0.2695], device='cuda:0')
dec.dec.0.weight torch.Size([20, 128, 4, 4])
tensor([[[[-2.2123e-03, -2.3211e-02,  2.8574e-03,  1.0727e-02],
          [-4.4628e-03, -1.2683e-02,  3.8817e-03,  1.7533e-03],
          [-2.0675e-02, -9.5146e-03,  9.8161e-03,  2.3580e-02],
          [ 8.1256e-03, -3.4989e-03, -8.1202e-04,  4.6685e-03]],

         [[-8.5178e-03,  6.2419e-03, -5.7517e-03, -2.5455e-02],
          [ 5.3449e-03,  1.3731e-02, -4.5430e-03, -8.6029e-03],
          [-4.7578e-03,  1.5386e-02, -6.4383e-03,  1.0166e-02],
          [-2.2605e-03, -2.9815e-03,  5.9711e-03, -7.4370e-04]],

         [[ 4.8480e-04,  8.6092e-03, -1.7306e-02, -7.5042e-03],
          [-3.9895e-03, -1.2228e-02,  2.5736e-03,  1.3512e-03],
          [ 1.0563e-02, -3.6047e-04,  1.0034e-04,  1.0814e-02],
          [ 5.8537e-03,  7.7902e-03,  1.1583e-03, -5.2150e-03]],

         ...,

         [[ 3.9360e-03, -3.8726e-03, -1.0327e-03, -1.3395e-02],
          [-4.8845e-03, -6.9305e-03, -6.7277e-03,  7.3356e-03],
          [-2.4664e-03,  2.1302e-03, -3.4920e-03, -2.7877e-03],
          [ 8.1051e-03, -9.0643e-03, -3.6382e-02,  2.0061e-03]],

         [[-3.4737e-02,  5.6348e-04,  2.3300e-03,  3.1309e-02],
          [-1.3063e-02, -2.0837e-02,  2.7867e-03, -6.4389e-03],
          [ 3.4395e-05,  1.5107e-02, -7.5302e-03, -4.1260e-03],
          [ 2.9154e-04,  1.8713e-02, -3.0878e-03,  2.0807e-02]],

         [[ 3.5511e-03,  1.4083e-02,  2.7500e-02, -1.9022e-02],
          [-1.5113e-02, -6.3822e-03, -3.4232e-02, -1.0352e-03],
          [-5.7016e-03, -6.3157e-04, -4.1315e-03, -2.7398e-03],
          [ 1.3494e-02, -1.0253e-02,  3.1621e-02,  8.6938e-03]]],


        [[[-2.7357e-03, -3.8980e-02, -6.0669e-04,  1.2510e-02],
          [-1.8407e-02,  5.4622e-03, -1.0368e-02,  2.2169e-02],
          [-2.8042e-02, -1.7739e-02, -3.3890e-03, -1.2665e-02],
          [ 1.7607e-03,  2.6131e-02,  1.6591e-02,  4.4920e-03]],

         [[-1.1683e-02, -3.9479e-03, -3.5969e-03, -1.3482e-02],
          [-1.1464e-02,  1.1712e-02,  3.3783e-04,  1.9813e-02],
          [ 1.6897e-02,  2.4225e-02,  8.4423e-03, -1.2753e-02],
          [-2.3783e-03, -3.1577e-03,  7.3202e-03, -1.5771e-02]],

         [[ 4.4381e-02, -1.9358e-02,  1.9256e-02, -1.1720e-02],
          [-1.2247e-03, -6.9719e-03,  1.4637e-02,  1.5656e-02],
          [-1.6095e-02,  6.1881e-03, -2.1869e-02,  5.4819e-02],
          [-4.9142e-03, -1.0302e-02, -1.4039e-02, -1.8957e-02]],

         ...,

         [[ 1.3840e-03, -1.4441e-04, -8.9090e-03, -2.7722e-02],
          [-1.7280e-02, -4.9983e-04,  1.1634e-02, -2.2654e-02],
          [-5.2817e-03, -1.3857e-02,  1.4203e-02, -3.5073e-02],
          [ 1.4857e-03, -3.7972e-03,  2.9601e-02,  1.6066e-02]],

         [[-4.0669e-02,  1.9734e-02,  3.9819e-03,  2.4910e-02],
          [ 1.3526e-02,  2.6256e-03,  2.8705e-03,  5.8489e-03],
          [ 7.0300e-03, -9.7896e-04, -6.7153e-03, -6.0131e-03],
          [-7.7782e-03, -1.1438e-02,  3.4569e-03, -6.6087e-03]],

         [[-6.2019e-03, -7.8938e-03, -2.5401e-02, -7.7082e-03],
          [ 4.0783e-02,  1.6115e-03, -1.4767e-02,  2.3818e-03],
          [ 1.6550e-02, -1.1910e-02, -1.0223e-02,  1.3756e-03],
          [ 4.8764e-03,  2.4029e-02, -1.8492e-02, -5.7828e-03]]],


        [[[-1.4169e-02, -2.9731e-02,  1.9274e-02, -2.3387e-02],
          [ 5.6050e-02,  2.9230e-02,  2.5764e-03,  3.7413e-02],
          [-8.0150e-03, -1.8119e-04,  9.0440e-03,  3.2023e-02],
          [-1.5361e-02,  1.8560e-04, -2.6435e-03,  4.9221e-03]],

         [[-5.2539e-03, -6.5423e-03, -9.2530e-03, -9.6635e-03],
          [-1.6875e-02,  1.8077e-02,  6.2047e-03, -1.9304e-03],
          [ 1.4238e-04,  1.2345e-02,  7.0131e-03,  1.4997e-03],
          [ 1.5777e-03, -2.6011e-03, -4.5901e-03,  3.8966e-04]],

         [[ 7.4119e-02,  1.6418e-02, -2.4750e-02, -1.4969e-02],
          [-2.2937e-02, -6.3381e-06, -2.1040e-02,  1.6701e-03],
          [ 9.3313e-03,  1.4229e-02, -1.0780e-02, -4.6019e-02],
          [ 6.5994e-03, -4.0131e-02, -2.1965e-02,  1.4274e-02]],

         ...,

         [[-2.3103e-02, -7.5161e-03, -1.5922e-02, -2.8266e-02],
          [ 3.6378e-02, -6.9339e-02, -1.2969e-02, -3.4343e-03],
          [ 2.1827e-02,  1.0267e-02, -1.7728e-02, -4.0685e-02],
          [ 7.9978e-03,  1.9448e-02,  1.3346e-02, -2.1359e-02]],

         [[-4.8732e-03, -1.3957e-03, -6.8554e-03,  4.3291e-03],
          [-1.0660e-02, -1.5495e-02, -6.5115e-03,  2.3453e-02],
          [ 2.2140e-02,  1.9306e-03, -5.0974e-03,  1.5818e-02],
          [ 4.4057e-03,  6.1628e-03, -1.0888e-02,  1.2069e-02]],

         [[-2.8887e-03,  2.0608e-03,  4.1939e-03, -2.7255e-02],
          [ 4.8433e-03, -2.8810e-02,  8.0193e-03,  2.8647e-03],
          [ 5.6724e-03, -6.8699e-03,  5.5459e-03,  1.7324e-03],
          [ 1.7151e-02,  5.9703e-03, -1.3246e-02, -5.0683e-02]]],


        ...,


        [[[ 2.6342e-02, -4.4431e-03,  4.6917e-03, -3.6506e-02],
          [ 1.5992e-01,  9.0784e-03, -7.1259e-02,  7.3281e-02],
          [ 1.3178e-01,  1.5360e-02, -3.1580e-02, -1.5522e-02],
          [ 3.5787e-02, -1.0249e-01,  8.1277e-02,  4.9515e-02]],

         [[-3.7955e-02, -5.6593e-02,  8.5777e-02, -5.1212e-02],
          [-1.5754e-01,  1.7264e-01, -2.5493e-02, -3.1149e-02],
          [ 1.0503e-01, -8.0992e-03, -6.0283e-03,  2.6558e-03],
          [-4.6749e-02,  1.3982e-01, -1.2783e-01,  2.6203e-02]],

         [[-1.0243e-01, -8.5286e-02,  3.4731e-02,  1.2139e-01],
          [-6.3911e-02,  2.0894e-01, -6.9005e-02, -1.6927e-01],
          [ 6.7404e-03, -5.2160e-02, -1.1677e-03,  3.2041e-02],
          [ 9.8331e-02,  1.7897e-02, -8.8154e-03, -6.7024e-03]],

         ...,

         [[ 5.4614e-03, -1.7089e-03, -2.6266e-02, -2.0782e-02],
          [ 6.7303e-02, -2.9579e-02,  7.5153e-02,  3.4577e-02],
          [-3.5674e-02, -3.0355e-02,  1.1237e-02, -6.1203e-03],
          [ 3.2980e-02,  2.0053e-02,  3.6237e-02, -1.9910e-03]],

         [[-1.6230e-02, -1.4341e-02, -2.0643e-02, -3.1879e-02],
          [ 1.6098e-02, -2.4111e-02, -3.6489e-02, -2.8037e-03],
          [ 2.4674e-02,  4.6967e-02,  3.9366e-02,  6.1085e-02],
          [-2.2386e-03, -3.8242e-02,  1.0490e-02,  1.1095e-02]],

         [[ 4.6315e-02, -2.8846e-02,  1.2134e-02,  2.8591e-03],
          [ 7.3384e-02,  1.0956e-01, -7.1957e-02,  4.9078e-02],
          [-4.4625e-02, -4.5819e-02,  2.6520e-02,  6.7846e-02],
          [-2.2564e-02, -4.6795e-02,  1.8991e-02,  6.0485e-02]]],


        [[[ 3.0052e-02, -7.7748e-02, -4.8429e-03, -1.3621e-01],
          [-4.2931e-02,  3.5791e-02,  2.9687e-02, -2.1060e-02],
          [ 1.7928e-02,  2.4261e-02, -8.8261e-03,  1.3415e-01],
          [ 7.3514e-02, -3.8554e-02,  1.6337e-02, -1.5575e-02]],

         [[-9.0163e-02, -4.7346e-02, -6.9641e-02,  2.8976e-03],
          [-1.8289e-02,  4.3445e-02, -1.9221e-02,  1.3057e-02],
          [-1.7765e-01,  4.7418e-02, -2.2060e-02, -3.1474e-02],
          [-2.8933e-02,  3.4569e-02,  1.2377e-01,  3.5939e-02]],

         [[ 2.6763e-02, -1.2992e-01, -7.2935e-02, -1.3066e-01],
          [-1.0292e-01,  1.6130e-01,  1.6674e-01,  1.2448e-02],
          [-2.4653e-02, -6.9169e-02, -1.1798e-01, -1.1635e-01],
          [-1.6265e-01,  1.3923e-02,  8.9143e-02, -1.5377e-03]],

         ...,

         [[ 8.9367e-03,  1.2877e-02, -3.3028e-02,  4.3241e-02],
          [ 4.1523e-02, -1.0069e-01, -4.8498e-02,  4.6531e-03],
          [ 7.2958e-03,  1.3871e-02, -9.0919e-02, -5.3484e-03],
          [ 1.7704e-03, -3.1487e-02, -4.7748e-02,  5.1756e-03]],

         [[-1.2998e-01, -2.7092e-02,  2.8172e-02,  4.5463e-02],
          [-1.3421e-01, -1.5356e-02, -2.3745e-02, -2.2062e-02],
          [-1.0433e-02, -1.4804e-02, -1.6300e-02, -9.3786e-02],
          [ 7.4511e-02, -4.6487e-02,  1.6503e-02,  4.7234e-02]],

         [[ 8.5925e-02, -2.0051e-02, -1.1285e-02, -3.1785e-02],
          [ 4.4563e-02,  5.9614e-02,  3.8364e-02, -5.3603e-03],
          [ 7.6664e-02,  1.6127e-02, -8.8270e-02, -1.0481e-01],
          [ 2.0661e-01,  6.6223e-02,  1.0475e-02, -1.5281e-01]]],


        [[[-5.3067e-01, -9.0094e-02, -4.8886e-01, -8.5364e-02],
          [ 3.1763e-02, -2.8820e-01, -9.5466e-02,  7.1735e-02],
          [-1.1669e-01, -1.9575e-01, -6.0404e-01,  1.9269e-02],
          [-2.4213e-01, -4.1324e-02, -4.8419e-02, -1.4208e-01]],

         [[-3.0222e-01, -1.9359e-01, -1.5164e-01, -8.0682e-02],
          [-2.5256e-01, -2.3637e-01, -1.3376e-01, -1.8603e-01],
          [-7.3050e-02, -1.8569e-01, -1.8550e-01, -5.5201e-02],
          [-3.2439e-01, -1.4561e-01, -6.2219e-02, -1.9187e-01]],

         [[-7.2608e-02, -5.3767e-02, -5.9093e-02, -1.0776e-01],
          [-1.4218e-01, -7.3438e-02, -3.0996e-02, -2.0094e-02],
          [-5.5276e-02,  3.6203e-02,  5.7929e-02, -2.6827e-02],
          [-1.2321e-01, -1.1176e-01, -8.1040e-02, -7.1488e-02]],

         ...,

         [[-3.9457e-01, -6.2529e-01, -1.6854e-01, -2.4029e-01],
          [-8.5110e-02, -7.0375e-02, -1.0494e-01, -1.8081e-01],
          [-7.4578e-01, -6.4253e-01, -2.2551e-01, -2.9419e-01],
          [-8.2742e-02, -4.2323e-01, -2.6035e-01, -1.6363e-01]],

         [[-5.5205e-02, -3.4008e-02, -7.1353e-01,  6.0174e-02],
          [-2.9967e-02, -1.9320e-01,  1.2072e-01,  1.5200e-02],
          [-4.7711e-01, -1.6201e-01,  1.1606e-01,  4.8561e-02],
          [-1.3595e-01,  7.2692e-02, -9.5521e-01,  1.4994e-02]],

         [[-1.5319e-01, -1.2378e-01, -2.7491e-02, -5.0537e-02],
          [ 1.0968e-01, -1.4388e-02,  5.2338e-02,  1.2875e-01],
          [ 1.0695e-01, -8.7055e-02,  1.1379e-01,  1.2655e-01],
          [-6.2257e-02,  2.0834e-01, -2.0973e-01,  1.2231e-01]]]],
       device='cuda:0')
dec.dec.0.bias torch.Size([128])
tensor([-0.0960, -0.0117,  0.1818, -0.0714,  0.0914,  0.1330, -0.1858, -0.1005,
         0.0750, -0.1632, -0.0615, -0.1650, -0.0939, -0.1434,  0.1431,  0.6023,
        -0.0086, -0.1047, -0.0769,  0.0994,  0.2341, -0.0918, -0.1069,  0.2857,
        -0.2593, -0.0499, -0.0920, -0.1034, -0.0837, -0.0035, -0.0883, -0.1981,
         0.1070, -0.0225,  0.2093, -0.1079,  0.0810, -0.0671,  0.1338,  0.2387,
         0.2487, -0.0116, -0.0131, -0.0783,  0.2764, -0.0232,  0.1154, -0.0187,
        -0.0721, -0.1819, -0.1247,  0.0030, -0.0118, -0.2130, -0.2545, -0.1348,
         0.0439, -0.1279,  0.1888,  0.0644,  0.4297, -0.0373,  0.0012,  0.1481,
         0.3344, -0.1295, -0.0772, -0.0789, -0.0582, -0.1254,  0.0566, -0.1609,
        -0.1796,  0.1018,  0.0008, -0.0236,  0.0028, -0.0468,  0.0267, -0.2605,
        -0.3055,  0.1963, -0.0393,  0.0721,  0.1194,  0.1555,  0.0841,  0.1916,
        -0.0734, -0.1657, -0.0742, -0.2102,  0.0788, -0.0369,  0.0353,  0.0251,
        -0.1106, -0.1139, -0.1057, -0.0970, -0.0447, -0.0268,  0.5688,  0.0229,
         0.1368,  0.0039,  0.0269, -0.1061,  0.2837, -0.0659, -0.0597,  0.2612,
        -0.0605,  0.0212, -0.0687,  0.0361, -0.0920, -0.1314, -0.1668, -0.1198,
        -0.1092, -0.1692,  0.0227, -0.0425, -0.1231, -0.1971, -0.1251, -0.1646],
       device='cuda:0')
dec.dec.2.weight torch.Size([128, 64, 4, 4])
tensor([[[[ 5.2470e-03,  7.5199e-02,  9.9560e-03,  9.2319e-02],
          [ 1.0819e-02, -1.0679e-02,  2.8609e-02,  6.4149e-03],
          [ 1.0435e-01, -1.9491e-02,  5.6413e-02, -9.0785e-02],
          [ 4.1647e-02,  8.1910e-02, -2.2745e-02, -4.3835e-02]],

         [[-8.6070e-04,  1.7655e-01, -2.1541e-01, -3.5692e-03],
          [-2.1363e-02, -5.3790e-02,  8.0026e-02,  1.9386e-01],
          [-4.6750e-01,  9.4598e-02,  2.1373e-01,  5.8686e-02],
          [ 8.4218e-02, -4.6698e-02,  7.5453e-02,  1.5092e-01]],

         [[-1.8738e-02,  3.6948e-02, -4.5729e-02,  5.7594e-02],
          [ 1.7453e-03,  4.6049e-02,  3.9689e-02,  5.5282e-02],
          [-4.5299e-02,  3.9389e-02,  9.7077e-02,  8.8044e-02],
          [-1.2158e-01,  7.8736e-02,  7.1140e-02,  2.3701e-02]],

         ...,

         [[ 7.2429e-03, -3.9630e-02, -1.0349e-01, -4.3557e-02],
          [-4.9443e-02,  3.4413e-02, -2.7822e-02,  1.0405e-02],
          [-8.4629e-02,  8.6144e-02, -2.6620e-02, -6.7884e-02],
          [-6.1496e-02, -3.0688e-02, -5.7943e-02, -1.0821e-01]],

         [[-1.5934e-01,  4.0434e-04, -1.1476e-02, -1.9653e-02],
          [-1.2720e-01,  3.6551e-01,  2.5485e-01,  4.2865e-01],
          [-1.3158e-01, -5.8902e-02, -5.6903e-02,  1.8209e-02],
          [-9.5891e-02, -9.6064e-03, -1.5401e-01,  5.6946e-02]],

         [[-1.2108e-02, -4.5004e-02, -7.9014e-03,  1.6049e-02],
          [-5.6212e-03, -2.4063e-02,  2.5535e-01,  1.5861e-01],
          [ 1.9941e-02, -7.5555e-02,  1.5178e-01, -8.2710e-02],
          [-8.2275e-02, -1.9718e-01,  8.3672e-02, -1.0998e-01]]],


        [[[ 5.9219e-02, -3.2530e-02,  6.7654e-02, -6.2750e-03],
          [-1.7441e-02,  8.7446e-02,  3.5434e-02,  2.1177e-02],
          [ 4.9799e-02,  4.4933e-02,  6.3629e-02,  8.8201e-03],
          [ 7.8988e-02,  9.3159e-02,  5.1787e-02,  8.0260e-02]],

         [[-2.8700e-01, -9.2065e-02,  1.4573e-01, -1.3386e-01],
          [ 1.1188e-01, -2.8212e-02,  6.7017e-03,  3.4800e-02],
          [-2.1163e-01, -1.3339e-02,  5.0184e-01, -3.3517e-02],
          [-1.7846e-01, -1.7055e-02, -8.0612e-02, -7.5449e-02]],

         [[ 7.2282e-02,  4.1732e-02, -5.9869e-02,  6.9593e-02],
          [ 2.4213e-02,  8.8177e-03,  5.0667e-02,  6.9250e-02],
          [-5.8103e-03,  1.3436e-02, -1.6081e-02,  2.8387e-02],
          [ 4.7281e-02,  5.1049e-02, -3.4191e-02, -1.9382e-02]],

         ...,

         [[ 1.0654e-02,  8.5421e-03,  4.9896e-02,  2.0393e-02],
          [ 3.5815e-02,  1.2405e-01,  5.8530e-02,  1.1398e-02],
          [ 4.5443e-02,  6.9063e-04,  4.7877e-02,  2.8676e-02],
          [ 2.7237e-02,  6.4053e-02,  8.1555e-02, -1.2255e-02]],

         [[-1.1954e-01,  7.2893e-02,  1.0026e-01, -2.0749e-02],
          [-1.8969e-01, -8.8662e-03, -1.2875e-01, -6.9228e-02],
          [-3.2525e-02, -7.9061e-02, -4.8346e-02, -6.7587e-02],
          [ 1.9436e-02, -5.8699e-02,  1.3416e-01, -1.9057e-01]],

         [[-6.6379e-02, -1.6720e-01,  7.6777e-02,  7.4799e-02],
          [-1.3594e-01, -6.7069e-03,  1.8996e-01,  8.1772e-02],
          [ 1.0241e-01, -1.6660e-01,  1.2554e-01,  7.4526e-02],
          [-1.8314e-01, -1.6262e-01, -1.2609e-01, -2.0484e-01]]],


        [[[-4.0320e-02,  2.9329e-02,  1.6913e-03,  1.1772e-02],
          [-1.5893e-02,  4.5418e-02, -1.2370e-02,  2.4277e-02],
          [ 1.9879e-03,  3.0872e-02,  3.8583e-02, -5.3742e-02],
          [-3.3371e-02,  5.5038e-02, -3.2092e-02, -3.3321e-02]],

         [[-1.8248e-01,  1.4133e-02,  1.8142e-01, -4.2978e-02],
          [ 3.3567e-03,  1.6672e-04,  4.7792e-02,  7.5472e-02],
          [ 6.3630e-02,  9.8166e-02,  2.3719e-01,  5.4992e-02],
          [-6.0824e-02, -1.0072e-01, -4.9266e-02, -5.4338e-02]],

         [[-5.3894e-02, -9.3720e-03, -2.2167e-02, -1.0099e-01],
          [-1.9857e-02,  4.4112e-02, -3.5927e-02,  6.5834e-02],
          [-2.7147e-03,  6.5598e-02, -1.0719e-02, -2.4279e-02],
          [-4.8601e-02, -4.5914e-02, -9.4546e-02,  3.6270e-02]],

         ...,

         [[ 4.9249e-02,  2.5119e-02, -3.6406e-02, -5.4645e-02],
          [-3.4839e-04,  8.2305e-04,  2.2453e-02, -6.2824e-02],
          [ 5.3034e-02,  6.3296e-02,  1.2195e-01,  3.7350e-02],
          [ 9.6195e-03, -8.0084e-02,  2.1930e-02, -1.4767e-01]],

         [[-6.4789e-02,  8.2365e-04, -1.0353e-01, -5.2648e-02],
          [-2.3225e-02,  1.7073e-01,  2.1389e-01,  1.0494e-01],
          [-7.0188e-02,  5.6083e-02, -2.1401e-02,  8.2193e-02],
          [-2.6396e-01, -1.1478e-01, -1.5582e-01, -2.9848e-01]],

         [[-3.4050e-02,  6.7810e-02, -1.0151e-02,  1.5028e-02],
          [-4.0339e-02,  1.1159e-01, -8.2013e-04,  9.3747e-02],
          [ 1.5896e-02, -3.6763e-02, -4.0463e-02,  7.6613e-02],
          [-2.8912e-02,  4.3416e-02,  6.6844e-02,  5.9459e-02]]],


        ...,


        [[[-3.1796e-02, -1.9547e-02, -3.0807e-02, -8.7526e-02],
          [ 3.0024e-02, -3.5975e-02,  1.1473e-01, -6.9161e-02],
          [ 4.7076e-02, -3.2788e-02,  4.5740e-02, -1.7027e-01],
          [-8.8233e-02, -5.1331e-03, -1.1782e-03, -9.2022e-02]],

         [[-1.3472e-01, -1.4490e-01,  1.3159e-01, -8.9755e-02],
          [ 3.1122e-01,  2.2517e-02,  6.1541e-02,  1.2455e-01],
          [ 2.7420e-01, -6.2882e-02,  2.6141e-01, -5.9653e-02],
          [ 3.1688e-01,  3.7519e-02,  2.9432e-01,  3.6747e-01]],

         [[ 7.9980e-02,  5.7469e-03,  1.2717e-01,  8.5809e-02],
          [ 5.1564e-02,  9.2723e-02,  6.9530e-02,  1.7458e-01],
          [ 1.3649e-01,  5.7587e-02,  1.1327e-02,  9.6992e-02],
          [ 1.3949e-02,  5.3021e-02, -5.4109e-02,  5.5687e-03]],

         ...,

         [[-2.2558e-02,  1.0078e-01, -1.2903e-02,  2.9744e-02],
          [-7.5058e-02, -2.4489e-02, -1.7807e-02,  2.2643e-02],
          [-7.9579e-02,  2.1246e-02, -1.6333e-01,  1.3844e-01],
          [-1.2385e-01,  1.4574e-01, -1.1151e-01,  4.6764e-02]],

         [[-2.4329e-01,  1.2845e-01, -2.3706e-01,  1.3208e-01],
          [ 1.9186e-01,  2.7189e-01,  2.3617e-01,  2.0774e-01],
          [-4.7653e-02,  1.4642e-01,  5.2245e-02,  1.9815e-01],
          [-2.2290e-01,  9.5665e-02, -8.8841e-02,  1.5766e-01]],

         [[-2.8694e-02,  1.1297e-01, -1.4663e-01, -1.8883e-01],
          [ 2.5447e-01, -3.2376e-03, -1.9987e-02, -1.0412e-01],
          [ 2.0208e-01,  1.8320e-01,  7.1824e-02,  1.4322e-01],
          [ 2.9126e-01,  6.4803e-02,  7.1136e-02,  1.1607e-01]]],


        [[[ 2.1042e-03,  3.5219e-02,  6.6704e-03, -9.6345e-02],
          [ 1.1145e-01, -2.4156e-02,  1.1582e-01,  4.6490e-02],
          [-1.7122e-02,  1.1683e-01,  7.4701e-02, -8.8681e-02],
          [-1.0114e-02,  2.0369e-01, -1.4666e-02, -1.3350e-01]],

         [[-2.2574e-01, -1.2919e-01, -1.0842e-01,  2.5510e-02],
          [-1.6339e-02,  1.3743e-01, -5.5910e-02,  8.2875e-02],
          [-4.8720e-01, -8.8919e-02,  8.3006e-02, -4.5494e-02],
          [-4.8178e-02, -7.5433e-03, -2.8846e-02,  4.5223e-01]],

         [[ 1.2280e-01, -2.2405e-02,  1.4877e-01,  1.0050e-02],
          [-1.8469e-01,  4.9185e-02,  4.9591e-02,  1.9292e-01],
          [-1.9128e-01,  8.4764e-02,  4.3165e-02,  7.6266e-02],
          [ 2.7581e-02,  1.0843e-01,  6.4956e-02, -2.3709e-01]],

         ...,

         [[-2.9294e-02,  4.5714e-02,  1.7938e-02, -6.0364e-02],
          [ 1.0676e-01,  1.3452e-01,  9.8638e-02,  6.6883e-02],
          [ 7.0335e-02, -5.3473e-02, -5.7238e-02,  5.7931e-03],
          [ 1.0662e-02,  2.3199e-02,  2.5368e-02, -2.6962e-02]],

         [[-1.1626e-02,  1.1947e-02,  6.9353e-02,  2.8335e-01],
          [ 1.6351e-02,  1.7058e-01,  2.4017e-01,  1.1364e-01],
          [-7.5471e-01,  5.1570e-01, -7.5381e-02, -4.7127e-02],
          [-3.3710e-01,  6.6521e-01, -4.1694e-02, -3.2378e-01]],

         [[-2.5353e-01,  1.5701e-01,  6.7666e-02,  3.1907e-01],
          [-1.6959e-01,  7.9969e-02,  4.4262e-02,  4.3317e-01],
          [ 7.0796e-02,  2.4666e-01, -2.0039e-02, -1.3944e-01],
          [-1.8237e-01,  1.8227e-01, -2.3648e-01,  3.2376e-01]]],


        [[[ 5.4860e-02, -6.4624e-02,  6.1973e-02,  1.1062e-01],
          [ 1.7229e-02,  1.0708e-01, -2.6249e-03,  1.7651e-01],
          [-1.0868e-02,  3.7070e-03,  3.5074e-02, -1.5331e-01],
          [ 3.9061e-02,  9.8319e-02,  6.0185e-02,  1.0623e-01]],

         [[-1.4580e-01, -1.1271e-01, -1.0179e-01,  1.5610e-01],
          [-4.9373e-02, -8.8406e-02, -1.3181e-01, -2.1870e-01],
          [-6.3252e-02, -1.5435e-02,  3.8958e-02,  1.0468e-01],
          [-1.0906e-01, -1.0629e-01, -6.2695e-02, -6.9881e-02]],

         [[ 4.6633e-02, -4.3911e-02,  1.9024e-02,  8.0338e-02],
          [-5.7961e-02,  2.1033e-02,  1.0278e-01,  6.1366e-02],
          [-1.3419e-02, -2.9233e-02, -8.7996e-02, -6.1155e-02],
          [ 1.5466e-01, -3.1334e-02,  3.5342e-02, -9.3164e-02]],

         ...,

         [[ 4.1364e-02, -9.3649e-02, -7.3783e-02,  8.2463e-02],
          [ 6.1317e-02,  5.4686e-02,  3.9884e-02,  8.9541e-02],
          [ 5.2236e-04, -7.2560e-02, -4.5044e-02, -3.4452e-02],
          [ 5.7305e-02, -2.2950e-02,  1.1694e-01,  8.8262e-02]],

         [[ 9.0653e-02,  1.8711e-02,  1.9389e-01,  7.0298e-02],
          [-2.4513e-01,  1.2997e-01, -2.3597e-02,  3.0070e-03],
          [-2.1820e-01,  2.2109e-01, -1.6173e-01,  4.3066e-01],
          [-2.1491e-01, -2.3259e-01,  6.5898e-02, -1.0483e-01]],

         [[-2.1119e-01,  1.3054e-01,  4.4843e-01,  4.3676e-01],
          [-1.9936e-01,  1.6960e-01,  1.0326e-01,  1.3980e-01],
          [ 1.3964e-01, -1.2009e-01,  2.1712e-01,  4.5123e-02],
          [-3.7665e-01,  2.9635e-02,  2.0996e-01,  5.0695e-02]]]],
       device='cuda:0')
dec.dec.2.bias torch.Size([64])
tensor([-0.0006,  0.0935,  0.0150, -0.0313, -0.0398,  0.1009,  0.4177, -0.0298,
         0.1152,  0.0356, -0.0489, -0.0108, -0.0011,  0.0970,  0.0409, -0.0283,
         0.0686,  0.0391,  0.0374,  0.0552,  0.0335, -0.0489,  0.4406, -0.0393,
         0.1394,  0.2904,  0.1504,  0.0450,  0.4224, -0.0189,  0.2398,  0.2829,
         0.0116, -0.0467,  0.1355,  0.0619,  0.0081,  0.4689,  0.0074,  0.0090,
         0.0401, -0.0085,  0.0412,  0.0678, -0.0116,  0.0511,  0.4134,  0.0209,
         0.4420, -0.0160,  0.1581,  0.1525,  0.0589,  0.0946,  0.0291, -0.0572,
         0.0382, -0.0283,  0.0932,  0.0381,  0.0296,  0.0321,  0.2810,  0.3263],
       device='cuda:0')
dec.dec.4.weight torch.Size([64, 32, 4, 4])
tensor([[[[-1.2584e-02, -2.9325e-02, -1.2329e-02,  4.8752e-03],
          [-8.0537e-03,  2.9891e-02, -1.6036e-02,  4.9415e-02],
          [-2.9474e-02, -1.2375e-02,  6.7123e-03, -4.2426e-02],
          [-6.1099e-03,  2.0738e-02,  4.6349e-03,  4.6155e-02]],

         [[ 1.6482e-02,  5.5041e-02,  2.3575e-02,  9.7524e-02],
          [ 5.2378e-02,  3.2891e-02,  8.4161e-02,  9.3429e-02],
          [ 2.6092e-02,  7.1448e-02, -3.3221e-02,  5.1551e-02],
          [ 5.8246e-02, -2.4226e-03,  5.8327e-02,  4.3757e-02]],

         [[ 5.2390e-02,  9.9060e-02,  3.6592e-04,  9.2794e-02],
          [ 8.1821e-02,  5.0159e-02,  7.1194e-02,  4.7509e-02],
          [ 6.6025e-02,  1.1275e-01,  3.4311e-02,  7.9018e-02],
          [ 6.5405e-02,  6.1260e-02,  8.1823e-02,  7.4677e-02]],

         ...,

         [[ 4.5865e-02,  1.8199e-02,  7.0250e-02, -6.7426e-03],
          [ 6.6521e-02, -1.1413e-02,  2.3916e-02, -3.4050e-02],
          [ 4.5071e-02, -4.0866e-04, -1.7869e-02, -5.1333e-02],
          [ 5.3865e-02, -1.3339e-02,  3.0428e-02,  4.1564e-02]],

         [[-6.2555e-02, -9.9829e-02,  1.5626e-01,  2.6482e-02],
          [ 6.6026e-02,  9.2748e-02,  7.0153e-02,  2.4414e-02],
          [-1.7037e-01,  3.0884e-02, -1.8485e-01, -3.0475e-03],
          [-1.2577e-01, -1.6945e-02, -8.4506e-03, -5.3014e-02]],

         [[-5.4762e-02, -4.7630e-02,  1.8841e-02, -3.3536e-02],
          [-1.0162e-02, -1.9773e-02, -2.6927e-02, -1.9767e-02],
          [-5.9632e-02,  1.2585e-02, -6.6322e-02, -4.7835e-02],
          [-1.2579e-02, -2.4727e-02, -5.5502e-02, -8.6674e-04]]],


        [[[ 8.4061e-02,  3.1408e-02,  3.6183e-02,  3.3897e-03],
          [ 7.2829e-02,  1.9916e-02, -1.9609e-02,  6.3663e-02],
          [ 1.2515e-01, -3.6855e-02,  2.1330e-02,  2.3152e-02],
          [-1.0408e-01, -6.1986e-02, -6.0660e-02,  5.2458e-03]],

         [[-9.5223e-02, -1.3098e-01, -1.5385e-01, -1.5476e-01],
          [-6.1915e-02, -2.0115e-02, -1.4000e-01, -1.8830e-01],
          [-7.1844e-02, -1.3077e-01, -1.8212e-01, -1.1736e-01],
          [ 2.1777e-02, -1.7917e-01, -1.2176e-01, -1.4168e-01]],

         [[ 1.1517e-01,  1.0689e-01,  1.7755e-01,  8.5575e-02],
          [ 1.5051e-01,  1.5681e-01,  8.8300e-02,  1.1289e-01],
          [ 1.7532e-01,  8.6320e-02,  1.3555e-01,  1.7403e-01],
          [ 1.0624e-01,  7.8201e-02,  8.0953e-02,  1.3159e-01]],

         ...,

         [[ 1.1130e-01, -6.3492e-02,  4.3072e-03, -8.0122e-02],
          [ 4.8403e-02,  3.7230e-02,  7.4392e-02,  5.0896e-02],
          [ 4.8444e-02, -7.5217e-02, -8.1488e-02, -8.1441e-02],
          [ 2.2474e-02,  1.9190e-02,  6.5233e-03,  1.2814e-01]],

         [[-3.8396e-01,  1.9181e-01,  5.7298e-03,  9.3955e-02],
          [-2.4638e-01,  1.3101e-01,  2.0404e-01,  2.1071e-01],
          [-3.3529e-01,  1.0896e-01,  4.8398e-01,  1.0171e-01],
          [-1.0034e-02,  1.2634e-01,  9.8305e-02,  3.4744e-01]],

         [[ 1.5713e-02,  1.2880e-02, -4.1029e-01, -5.4463e-02],
          [-1.7466e-02, -2.2761e-02,  8.3945e-03, -2.4719e-02],
          [-2.0963e-01,  2.2313e-02, -1.3408e-01, -1.1950e-02],
          [ 2.2493e-02,  1.0458e-02, -2.0036e-02,  5.4504e-03]]],


        [[[-5.5512e-02,  1.2744e-02,  6.8644e-03, -3.2221e-02],
          [-1.6300e-02,  6.5671e-02, -4.0178e-02,  3.7734e-02],
          [ 8.2751e-03, -1.3450e-02, -4.0216e-03, -2.1745e-02],
          [ 3.9248e-03, -2.6253e-02, -2.9024e-02, -1.1300e-02]],

         [[ 5.4117e-03,  3.1424e-02,  2.0966e-03,  7.5700e-03],
          [ 1.7400e-02, -5.8687e-02,  4.8610e-02,  6.7428e-02],
          [ 2.3117e-02,  3.4960e-02, -2.3690e-02,  6.2814e-02],
          [ 5.7260e-03,  4.8735e-02,  5.7846e-03, -3.0026e-02]],

         [[ 4.1976e-02,  8.4145e-03,  8.4485e-02,  7.1539e-02],
          [ 7.4197e-02,  5.9113e-02,  6.0302e-02,  7.8270e-02],
          [ 6.6916e-02,  7.2395e-02,  4.0886e-02,  5.6363e-02],
          [ 5.6521e-02,  6.0033e-02,  3.7302e-02,  2.7281e-02]],

         ...,

         [[ 2.8607e-02,  1.5906e-02,  3.9080e-02,  4.4476e-02],
          [ 2.3732e-02,  5.2505e-02, -8.7473e-03,  2.7823e-02],
          [ 8.2042e-02, -2.4307e-02, -6.6936e-02,  7.5760e-02],
          [ 3.2275e-02,  2.2525e-02, -3.0584e-02,  1.7049e-02]],

         [[-3.9723e-02, -3.2042e-02,  2.9250e-01, -1.0819e-01],
          [ 1.2653e-01, -5.8382e-02, -5.2935e-02,  4.0321e-02],
          [-1.9959e-01, -2.6319e-02, -1.1113e-02,  9.9020e-02],
          [-1.9438e-01, -2.1914e-03,  3.1040e-02, -3.9076e-02]],

         [[-6.6852e-02, -1.9576e-02, -2.7289e-02,  2.3614e-02],
          [ 5.6243e-03, -5.0237e-03, -1.9284e-02, -6.9974e-03],
          [-3.7250e-02,  3.6675e-03,  2.0668e-02, -1.0851e-02],
          [-2.1431e-02,  2.1546e-02, -9.0401e-03, -1.9869e-02]]],


        ...,


        [[[ 7.2607e-02, -2.7113e-03,  3.1530e-02,  3.6222e-02],
          [ 1.9452e-02,  2.9007e-02,  2.9293e-02, -2.5329e-02],
          [-7.0592e-03, -3.1910e-02, -2.7920e-03, -1.1846e-02],
          [-1.7330e-02,  5.3782e-02,  2.4653e-03,  1.0278e-03]],

         [[ 1.3689e-02,  6.6349e-02,  1.2661e-03,  4.6629e-02],
          [ 3.4708e-02, -2.0322e-02, -5.3152e-03, -2.2197e-02],
          [-1.5768e-03, -7.7724e-03,  4.2450e-02, -2.8376e-02],
          [ 7.5366e-02,  1.8057e-02,  8.4414e-03,  1.7747e-02]],

         [[ 1.4531e-02,  6.2767e-02,  6.7219e-02,  6.9221e-02],
          [ 7.1986e-02,  2.9988e-02,  6.3581e-02,  8.9144e-02],
          [ 5.5105e-02,  8.4947e-02,  8.3447e-02,  2.0499e-02],
          [ 3.6312e-02,  9.6055e-02,  7.6300e-02,  1.4836e-02]],

         ...,

         [[ 6.0879e-02,  1.9367e-02, -3.7728e-02,  1.4975e-02],
          [ 3.8295e-02,  5.0498e-02,  4.3602e-02,  2.1930e-02],
          [ 4.9574e-03, -3.7580e-02, -6.4889e-02,  1.1581e-02],
          [-6.1344e-04, -9.6361e-03, -3.1666e-02,  2.8376e-03]],

         [[-2.4404e-01, -2.6351e-02, -1.8153e-02, -4.1203e-02],
          [ 1.1857e-01,  5.4252e-02,  2.5095e-01,  5.3335e-02],
          [-3.3385e-01,  1.0106e-01,  9.7096e-02,  2.8263e-02],
          [ 2.7003e-02,  3.7695e-02,  2.7076e-02, -9.1352e-02]],

         [[ 4.4742e-02,  2.7149e-03,  8.5519e-03, -2.7553e-02],
          [-5.5466e-02,  3.1372e-02, -3.2496e-02,  2.8586e-02],
          [ 2.2530e-03, -5.1671e-02, -4.1348e-02,  1.7386e-02],
          [-3.3127e-02, -4.8918e-02,  2.4106e-03, -3.2744e-02]]],


        [[[-4.0584e-02, -1.1074e-02,  1.0739e-01, -3.9326e-02],
          [ 1.1639e-01,  1.1681e-01, -1.1196e-02,  1.3350e-01],
          [-6.2464e-02, -5.4466e-02,  5.8152e-02, -5.3307e-02],
          [ 5.7127e-03, -1.1202e-01, -3.2946e-01, -8.2048e-02]],

         [[ 9.5080e-03, -3.2785e-02,  6.3871e-02, -6.1899e-02],
          [-3.9710e-02, -3.5075e-02, -1.2942e-01, -1.3651e-01],
          [ 2.2377e-02, -7.6292e-02, -3.9918e-02, -1.2249e-01],
          [-8.2678e-02, -5.6697e-02,  5.9547e-02, -6.1076e-02]],

         [[-1.4270e-01, -1.2547e-01, -5.9578e-03,  3.4524e-02],
          [-1.4629e-01, -2.6475e-01, -9.1771e-02, -7.7716e-02],
          [-8.5992e-02, -1.5589e-01, -1.2721e-01, -1.2575e-01],
          [-2.2572e-01, -2.4494e-01, -2.4783e-01, -1.7403e-01]],

         ...,

         [[ 8.4914e-02, -7.0305e-02, -2.2618e-02,  1.3421e-01],
          [ 4.1548e-02,  6.7570e-02, -1.7577e-01,  2.5807e-01],
          [-2.7392e-02,  2.7995e-01,  3.8797e-01,  1.6903e-01],
          [-1.1448e-01, -8.1231e-03, -1.7375e-01, -1.7703e-02]],

         [[-2.6639e-01, -3.5168e-01,  4.5155e-03,  2.4736e-01],
          [-3.2208e-01, -1.5553e-01,  3.1754e-02,  1.4487e-01],
          [ 8.0179e-02,  1.9877e-01,  2.3853e-01,  7.1625e-02],
          [-4.5832e-02,  2.3753e-01,  2.4298e-01,  7.7578e-02]],

         [[-7.1503e-02, -4.3946e-02, -4.0174e-02, -3.8787e-03],
          [ 2.2306e-02, -4.5051e-02, -3.6986e-02,  3.3534e-02],
          [ 3.0973e-01, -1.9082e-02,  1.4910e-01, -3.0783e-02],
          [-1.6253e-02,  1.0606e-02,  3.3208e-02, -4.4698e-02]]],


        [[[-6.6685e-02, -5.6387e-02, -1.3039e-01, -5.1151e-03],
          [ 9.3098e-02,  3.6046e-02, -5.5885e-02,  1.8359e-01],
          [ 1.4066e-01, -8.4254e-03,  6.5078e-04, -1.5206e-02],
          [-4.0297e-02, -1.1875e-01, -1.5179e-01, -1.2777e-01]],

         [[-2.0773e-01, -9.6607e-02,  3.6997e-03, -2.0959e-01],
          [ 3.5096e-02,  5.4818e-02, -1.1043e-01, -2.8881e-01],
          [-1.4836e-01,  2.8242e-03, -1.5960e-01, -1.0604e-01],
          [-1.1390e-01, -1.9319e-01, -2.1667e-01, -1.2552e-01]],

         [[-2.7409e-01, -2.7901e-01, -2.1385e-01, -1.2253e-01],
          [-1.4066e-01, -1.6521e-01, -1.9039e-01, -2.8898e-01],
          [-2.6355e-01, -1.9836e-01, -2.7438e-01, -8.9236e-02],
          [-1.7557e-01, -2.6553e-01, -1.4453e-01, -1.8950e-01]],

         ...,

         [[ 1.9078e-01,  9.5381e-02,  2.4760e-01,  1.5168e-01],
          [ 5.0452e-02,  1.7437e-01,  1.9885e-01,  3.3049e-01],
          [ 3.9363e-01,  1.1301e-01,  1.1787e-01,  3.0874e-01],
          [ 1.0956e-01, -1.1548e-01, -1.6256e-01,  1.0499e-01]],

         [[-2.8083e-01, -1.1446e-01,  2.9135e-01, -8.7555e-02],
          [-1.8378e-01, -8.0430e-03,  2.3359e-01, -4.5291e-02],
          [-1.2664e-01,  1.6330e-02,  6.1794e-01,  9.4619e-02],
          [ 1.8115e-02,  1.1328e-01, -5.7329e-02,  7.4987e-02]],

         [[ 1.9434e-01, -2.1472e-02, -6.7788e-02, -1.0857e-02],
          [-1.6821e-02, -4.7915e-02,  2.3081e-02,  5.9348e-03],
          [-1.1910e-02, -4.4898e-02, -1.1141e-01, -5.1486e-02],
          [-4.7156e-03,  2.0647e-02, -6.8949e-03, -4.7176e-02]]]],
       device='cuda:0')
dec.dec.4.bias torch.Size([32])
tensor([-0.0384,  0.0366,  0.0385,  0.0636,  0.0432,  0.0245,  0.0253,  0.3531,
         0.0342,  0.0433,  0.0969,  0.0135,  0.3541,  0.0230,  0.0779,  0.0048,
         0.0542,  0.0114,  0.0550,  0.0211,  0.0513,  0.3197,  0.0099,  0.1064,
         0.0161,  0.0177,  0.0450,  0.0088,  0.0302,  0.0250,  0.3142,  0.0282],
       device='cuda:0')
dec.dec.6.weight torch.Size([32, 3, 4, 4])
tensor([[[[ 9.0033e-02,  1.3809e-01,  8.1167e-02,  1.7958e-01],
          [ 1.8622e-01,  1.5605e-01,  2.8999e-01,  2.3416e-01],
          [ 1.7281e-01,  7.0433e-02,  6.5261e-02,  2.5270e-02],
          [ 1.4186e-01,  1.2069e-01,  2.5334e-01,  2.2990e-01]],

         [[ 1.3773e-01,  1.6606e-01,  1.6965e-01,  1.3341e-01],
          [ 3.0743e-02,  1.0294e-01,  3.1733e-01,  2.7273e-01],
          [ 9.1717e-02,  4.4474e-03,  1.4890e-01, -7.6969e-03],
          [ 9.1888e-02,  1.3333e-01,  1.6196e-01,  2.1673e-01]],

         [[ 2.4542e-01,  1.0602e-01,  1.5541e-02,  3.3522e-02],
          [ 1.9961e-01,  8.4971e-02,  1.9834e-01,  2.5576e-01],
          [ 1.6522e-01, -1.4226e-01,  1.2009e-01,  4.0313e-02],
          [ 4.8496e-02,  1.0385e-01,  1.8215e-01,  1.8446e-01]]],


        [[[-3.2016e-02,  4.3071e-02, -4.8764e-02,  4.4870e-02],
          [ 1.8626e-01,  2.0263e-01, -7.6949e-03, -8.3680e-03],
          [ 1.2105e-02,  3.6181e-02,  1.6050e-01, -1.4843e-02],
          [ 6.2410e-02,  2.4405e-01, -6.3199e-03,  4.1266e-02]],

         [[-1.1897e-01, -1.5059e-01, -1.3656e-01, -1.6302e-01],
          [-1.3440e-01, -9.7730e-02, -3.0785e-03,  4.9579e-02],
          [-1.6573e-01,  1.4538e-01, -2.0314e-01, -7.5236e-02],
          [ 9.1305e-02,  1.7040e-01, -1.8648e-01,  8.5056e-02]],

         [[-6.0914e-02, -1.8348e-01, -1.0672e-01, -2.2592e-01],
          [-1.1579e-01, -6.6619e-02, -9.0581e-02, -1.7661e-01],
          [-2.6143e-01, -8.4488e-02, -3.8155e-01, -9.0980e-02],
          [-1.2479e-01, -1.7962e-01, -2.5882e-01,  7.6413e-03]]],


        [[[-9.6779e-02, -1.9525e-01, -7.4255e-02, -1.5819e-01],
          [-2.1331e-01, -5.9258e-02, -1.6217e-01, -1.5222e-01],
          [-2.7383e-01, -1.0154e-01, -1.8751e-01, -1.9304e-01],
          [-2.3326e-01, -1.2200e-01, -2.3220e-01, -1.7197e-01]],

         [[ 3.5425e-06, -1.1343e-03,  1.5710e-01,  2.9362e-02],
          [-6.9629e-02,  4.4658e-02,  6.6142e-02,  1.1654e-01],
          [ 2.0686e-01,  1.3366e-01, -1.0039e-02, -1.5676e-02],
          [ 1.2662e-02,  1.4687e-01, -5.1573e-02,  9.5538e-02]],

         [[ 3.3158e-02, -1.8782e-01, -1.6731e-01,  1.0697e-02],
          [-2.3951e-01, -4.3902e-02, -2.1471e-01, -1.4295e-01],
          [-2.2028e-01, -2.0757e-01, -2.4626e-02, -1.2771e-01],
          [-2.1089e-02, -9.2105e-02, -1.5101e-01, -1.3239e-01]]],


        ...,


        [[[ 1.7799e-01, -2.6436e-02,  7.7737e-02, -5.0770e-02],
          [-6.4052e-02, -1.8336e-01,  1.1659e-01, -5.8914e-02],
          [ 3.5152e-02, -1.7221e-01,  4.8282e-02, -6.4061e-02],
          [ 4.5546e-02, -3.8110e-02,  3.7879e-02,  5.8972e-03]],

         [[ 7.8983e-02, -6.6825e-02, -9.9986e-02, -1.0443e-01],
          [-2.3758e-02, -1.6782e-01, -5.0946e-03, -3.4825e-02],
          [-1.0951e-01, -4.0177e-02, -2.9808e-02, -1.6718e-01],
          [-7.7474e-03, -1.4111e-01,  1.2359e-01, -1.0281e-01]],

         [[ 1.8712e-01,  1.4870e-02,  6.4305e-02,  1.7864e-02],
          [-9.3996e-02, -3.3202e-01,  4.6725e-02, -2.2353e-01],
          [-1.0581e-02,  1.6796e-02, -2.5963e-01, -1.4759e-01],
          [-1.8557e-01, -1.4044e-01, -4.4752e-02, -1.7864e-01]]],


        [[[-1.1534e-01, -3.7783e-01, -1.8565e-01, -3.6110e-02],
          [-1.2343e-01, -4.5821e-01, -4.6174e-01,  9.5937e-03],
          [ 1.5345e-02, -4.1513e-01, -7.1304e-01, -1.8077e-01],
          [ 3.9998e-02, -3.6382e-01, -4.0810e-01,  2.4811e-02]],

         [[-1.6509e-01, -4.4242e-01, -2.8105e-01, -4.4099e-02],
          [-1.5216e-01, -6.3912e-01, -4.5987e-01,  4.8262e-02],
          [-1.0154e-03, -4.6912e-01, -7.0112e-01, -1.6695e-01],
          [-4.2040e-02, -3.8871e-01, -4.2219e-01,  5.5401e-02]],

         [[-1.8865e-01, -4.6815e-01, -2.9037e-01, -5.0766e-03],
          [-9.6057e-02, -4.0727e-01, -4.6607e-01,  1.0465e-01],
          [ 7.5667e-02, -4.4710e-01, -6.2512e-01, -8.7406e-02],
          [ 3.7224e-02, -3.0284e-01, -4.3616e-01,  1.1798e-01]]],


        [[[ 5.8551e-02,  6.1860e-02,  1.2966e-01, -1.8219e-01],
          [ 1.5207e-01,  1.8930e-02,  4.2562e-02, -4.1958e-02],
          [ 1.3162e-01, -3.5192e-02, -2.8555e-02, -1.3927e-02],
          [ 1.7896e-01,  4.4481e-02, -8.1009e-02,  2.5693e-02]],

         [[-1.6956e-01,  1.0216e-02,  8.8616e-02, -7.6685e-02],
          [ 1.1412e-01,  9.1450e-02,  2.1806e-01,  1.1315e-01],
          [-5.8719e-02, -5.4920e-02,  1.1673e-01, -2.0793e-02],
          [-4.1559e-02, -1.9871e-01,  1.1278e-01,  4.7585e-02]],

         [[-7.0235e-02,  8.0064e-02,  8.5298e-02, -7.9249e-02],
          [ 1.1691e-01,  1.2479e-01, -1.0986e-02, -1.3964e-01],
          [ 1.1340e-01,  1.6114e-01, -2.5202e-02, -8.0256e-02],
          [ 1.3372e-01, -1.0488e-01, -4.5583e-02, -4.9231e-02]]]],
       device='cuda:0')
dec.dec.6.bias torch.Size([3])
tensor([ 0.0970, -0.0419,  0.0812], device='cuda:0')
_pz_params.0 torch.Size([1, 20])
tensor([[0., 0., 0., 0., 0., 0., 0., 0., 0., 0., 0., 0., 0., 0., 0., 0., 0., 0., 0., 0.]],
       device='cuda:0')
_pz_params.1 torch.Size([1, 20])
tensor([[-0.0276, -0.5364, -0.7725,  0.4112, -0.3540, -0.4825, -0.2343, -0.4506,
          0.4485, -0.6272,  2.6898, -0.5229,  0.2983, -0.4504, -0.4356, -0.4304,
         -0.3769, -0.4609, -0.4614,  0.3442]], device='cuda:0')
